0 0.804009 0.49 0.078125 0.138889
1 0.23429 0.160541 0.052083 0.092593
1 0.596476 0.392141 0.052083 0.092593
1 0.313049 0.669594 0.052083 0.092593
1 0.168396 0.233569 0.052083 0.092593
2 0.306091 0.463071 0.052083 0.092593
2 0.360132 0.499078 0.052083 0.092593
2 0.316568 0.515376 0.052083 0.092593
2 0.342574 0.523704 0.052083 0.092593
19 0.504011 0.119409 0.078125 0.138889
4 0.400806 0.970313 0.052083 0.092593
4 0.86906 0.80107 0.052083 0.092593
36 0.180025 0.027627 0.028846 0.051282
36 0.805669 0.057257 0.028846 0.051282
36 0.630563 0.362103 0.028846 0.051282
36 0.588134 0.41098 0.028846 0.051282
