0 0.46332 0.614071 0.078125 0.138889
14 0.609286 0.23389 0.0625 0.111111
1 0.528327 0.506439 0.052083 0.092593
1 0.51869 0.468027 0.052083 0.092593
1 0.550051 0.523849 0.052083 0.092593
14 0.736662 0.461548 0.0625 0.111111
13 0.543052 0.798468 0.0625 0.111111
3 0.726147 0.742498 0.052083 0.092593
3 0.454663 0.092402 0.052083 0.092593
35 0.063673 0.061493 0.083705 0.14881
36 0.574846 0.262729 0.028846 0.051282
36 0.386671 0.032724 0.028846 0.051282
36 0.296128 0.402771 0.028846 0.051282
36 0.695901 0.141928 0.028846 0.051282
36 0.700983 0.002579 0.028846 0.051282
36 0.304018 0.233584 0.028846 0.051282
36 0.568883 0.265046 0.028846 0.051282
36 0.524373 0.586775 0.028846 0.051282
36 0.654056 0.236028 0.028846 0.051282
36 0.68748 0.235214 0.028846 0.051282
