0 0.679989 0.49 0.078125 0.138889
3 0.497399 0.692448 0.052083 0.092593
1 0.308532 0.264272 0.052083 0.092593
1 0.389916 0.451697 0.052083 0.092593
14 0.827492 0.086328 0.0625 0.111111
14 0.201807 0.017458 0.0625 0.111111
3 0.361415 0.569355 0.052083 0.092593
36 0.408179 0.6988 0.028846 0.051282
36 0.220005 0.468795 0.028846 0.051282
36 0.439735 0.853842 0.028846 0.051282
36 0.129461 0.838842 0.028846 0.051282
36 0.618234 0.8473 0.028846 0.051282
36 0.251861 0.174368 0.028846 0.051282
36 0.529234 0.577999 0.028846 0.051282
36 0.682731 0.607044 0.028846 0.051282
36 0.588308 0.665686 0.028846 0.051282
36 0.683102 0.579674 0.028846 0.051282
