0 0.601782 0.49 0.078125 0.138889
14 0.258179 0.69891 0.0625 0.111111
14 0.419387 0.40384 0.0625 0.111111
8 0.264361 0.330703 0.055804 0.099206
8 0.598676 0.083967 0.055804 0.099206
1 0.583036 0.211391 0.052083 0.092593
1 0.598928 0.244718 0.052083 0.092593
1 0.533837 0.157736 0.052083 0.092593
1 0.551387 0.24085 0.052083 0.092593
3 0.083924 0.805289 0.052083 0.092593
3 0.058253 0.396287 0.052083 0.092593
36 0.408179 0.304219 0.028846 0.051282
36 0.220005 0.074214 0.028846 0.051282
36 0.570179 0.43139 0.028846 0.051282
36 0.597887 0.288189 0.028846 0.051282
36 0.547634 0.247319 0.028846 0.051282
