0 0.145248 0.748689 0.078125 0.138889
14 0.417779 0.53726 0.0625 0.111111
14 0.676365 0.262766 0.0625 0.111111
14 0.485104 0.620414 0.0625 0.111111
1 0.355337 0.216335 0.052083 0.092593
1 0.312237 0.351312 0.052083 0.092593
1 0.346669 0.291058 0.052083 0.092593
1 0.354173 0.331412 0.052083 0.092593
1 0.311639 0.428192 0.052083 0.092593
1 0.320522 0.209667 0.052083 0.092593
1 0.294412 0.250097 0.052083 0.092593
13 0.306746 0.689873 0.0625 0.111111
3 0.520654 0.742096 0.052083 0.092593
3 0.371552 0.421486 0.052083 0.092593
3 0.341312 0.173672 0.052083 0.092593
35 0.063673 0.061493 0.083705 0.14881
36 0.574846 0.262729 0.028846 0.051282
36 0.386671 0.032724 0.028846 0.051282
36 0.296128 0.402771 0.028846 0.051282
36 0.695901 0.141928 0.028846 0.051282
36 0.700983 0.002579 0.028846 0.051282
36 0.304018 0.233584 0.028846 0.051282
36 0.568883 0.265046 0.028846 0.051282
36 0.654056 0.236028 0.028846 0.051282
36 0.68748 0.235214 0.028846 0.051282
36 0.555581 0.553386 0.028846 0.051282
36 0.523728 0.484268 0.028846 0.051282
36 0.529799 0.601105 0.028846 0.051282
36 0.215042 0.256743 0.028846 0.051282
