0 0.672095 0.568745 0.078125 0.138889
14 0.379345 0.607297 0.0625 0.111111
8 0.43473 0.361627 0.055804 0.099206
8 0.480581 0.209274 0.055804 0.099206
1 0.589633 0.379529 0.052083 0.092593
1 0.600281 0.419857 0.052083 0.092593
1 0.559116 0.297223 0.052083 0.092593
1 0.577839 0.433305 0.052083 0.092593
3 0.184158 0.71465 0.052083 0.092593
36 0.408179 0.262729 0.028846 0.051282
36 0.220005 0.032724 0.028846 0.051282
36 0.55868 0.185624 0.028846 0.051282
36 0.439735 0.417771 0.028846 0.051282
36 0.129461 0.402771 0.028846 0.051282
