0 0.5 0.49 0.078125 0.138889
13 0.427638 0.405214 0.0625 0.111111
1 0.390866 0.753544 0.052083 0.092593
1 0.65711 0.718803 0.052083 0.092593
3 0.685037 0.675651 0.052083 0.092593
3 0.72358 0.721507 0.052083 0.092593
19 0.576864 0.495837 0.078125 0.138889
4 0.380255 0.444155 0.052083 0.092593
4 0.678139 0.647526 0.052083 0.092593
2 0.367445 0.759402 0.052083 0.092593
2 0.347565 0.779774 0.052083 0.092593
2 0.35363 0.81611 0.052083 0.092593
2 0.351182 0.738537 0.052083 0.092593
35 0.232068 0.904423 0.083705 0.14881
38 0.267615 0.121487 0.052083 0.092593
36 0.961586 0.88446 0.028846 0.051282
36 0.12966 0.187271 0.028846 0.051282
36 0.226174 0.091081 0.028846 0.051282
36 0.097128 0.044566 0.028846 0.051282
36 0.169044 0.024663 0.028846 0.051282
36 0.307703 0.405424 0.028846 0.051282
36 0.280036 0.444361 0.028846 0.051282
36 0.325235 0.482042 0.028846 0.051282
36 0.585829 0.144583 0.028846 0.051282
36 0.618661 0.008859 0.028846 0.051282
36 0.989215 0.119748 0.028846 0.051282
36 0.290642 0.761442 0.028846 0.051282
36 0.91605 0.645626 0.028846 0.051282
36 0.943824 0.578532 0.028846 0.051282
36 0.663742 0.352086 0.028846 0.051282
36 0.786924 0.652254 0.028846 0.051282
36 0.562004 0.702484 0.028846 0.051282
36 0.495737 0.525083 0.028846 0.051282
36 0.423487 0.911531 0.028846 0.051282
36 0.468217 0.570228 0.028846 0.051282
36 0.52131 0.540948 0.028846 0.051282
