0 0.13349 0.49 0.078125 0.138889
6 0.263613 0.514482 0.117188 0.208333
6 0.674347 0.965067 0.117188 0.208333
6 0.607129 0.460631 0.117188 0.208333
18 0.294438 0.459229 0.117188 0.208333
3 0.161641 0.072708 0.052083 0.092593
1 0.607382 0.397411 0.052083 0.092593
1 0.600481 0.284094 0.052083 0.092593
1 0.698124 0.258262 0.052083 0.092593
6 0.446832 0.541167 0.117188 0.208333
6 0.595401 0.363411 0.117188 0.208333
6 0.285919 0.604334 0.117188 0.208333
1 0.772517 0.587452 0.052083 0.092593
35 0.53563 0.700767 0.083705 0.14881
37 0.739114 0.546499 0.041667 0.074074
36 0.439577 0.479525 0.028846 0.051282
36 0.368085 0.567625 0.028846 0.051282
36 0.435919 0.572327 0.028846 0.051282
36 0.279977 0.690707 0.028846 0.051282
36 0.275341 0.694353 0.028846 0.051282
36 0.260627 0.671223 0.028846 0.051282
36 0.496404 0.353385 0.028846 0.051282
36 0.681405 0.560156 0.028846 0.051282
36 0.67938 0.607258 0.028846 0.051282
36 0.517753 0.736051 0.028846 0.051282
36 0.552139 0.77232 0.028846 0.051282
36 0.482037 0.602561 0.028846 0.051282
36 0.488675 0.628199 0.028846 0.051282
36 0.469479 0.618482 0.028846 0.051282
36 0.491562 0.58925 0.028846 0.051282
36 0.48589 0.594459 0.028846 0.051282
36 0.473065 0.564104 0.028846 0.051282
36 0.356154 0.891693 0.028846 0.051282
36 0.559923 0.422843 0.028846 0.051282
36 0.375455 0.587661 0.028846 0.051282
36 0.655282 0.548821 0.028846 0.051282
36 0.564879 0.840045 0.028846 0.051282
36 0.497501 0.278231 0.028846 0.051282
36 0.614831 0.341167 0.028846 0.051282
36 0.557714 0.523002 0.028846 0.051282
36 0.627359 0.788497 0.028846 0.051282
36 0.686131 0.719726 0.028846 0.051282
36 0.556347 0.827885 0.028846 0.051282
36 0.615069 0.676118 0.028846 0.051282
36 0.569369 0.680882 0.028846 0.051282
36 0.76499 0.737778 0.028846 0.051282
36 0.695958 0.670822 0.028846 0.051282
36 0.65737 0.743208 0.028846 0.051282
36 0.715907 0.50834 0.028846 0.051282
36 0.686193 0.699675 0.028846 0.051282
36 0.592944 0.503149 0.028846 0.051282
36 0.767909 0.89654 0.028846 0.051282
36 0.596612 0.562404 0.028846 0.051282
36 0.481837 0.666186 0.028846 0.051282
36 0.6233 0.376794 0.028846 0.051282
36 0.506911 0.375422 0.028846 0.051282
36 0.530001 0.105288 0.028846 0.051282
36 0.404896 0.500297 0.028846 0.051282
36 0.377085 0.46853 0.028846 0.051282
36 0.394015 0.492704 0.028846 0.051282
