0 0.5 0.508099 0.078125 0.138889
2 0.10893 0.708962 0.052083 0.092593
2 0.07805 0.027928 0.052083 0.092593
2 0.80481 0.142208 0.052083 0.092593
2 0.834158 0.05315 0.052083 0.092593
2 0.000905 0.745541 0.052083 0.092593
5 0.232103 0.234626 0.0625 0.111111
36 0.853822 0.767737 0.028846 0.051282
36 0.064938 0.156439 0.028846 0.051282
36 0.615717 0.63275 0.028846 0.051282
36 0.102359 0.498829 0.028846 0.051282
36 0.689984 0.437591 0.028846 0.051282
36 0.63252 0.729391 0.028846 0.051282
36 0.192522 0.489057 0.028846 0.051282
36 0.161164 0.597616 0.028846 0.051282
36 0.528171 0.540486 0.028846 0.051282
36 0.791667 0.49258 0.028846 0.051282
36 0.845251 0.463358 0.028846 0.051282
36 0.053598 0.408655 0.028846 0.051282
36 0.327629 0.773154 0.028846 0.051282
