0 0.497025 0.49 0.078125 0.138889
13 0.961611 0.243461 0.0625 0.111111
8 0.513897 0.215869 0.055804 0.099206
2 0.660981 0.870512 0.052083 0.092593
2 0.589323 0.741967 0.052083 0.092593
2 0.582486 0.778669 0.052083 0.092593
2 0.6823 0.883563 0.052083 0.092593
4 0.979412 0.419527 0.052083 0.092593
4 0.17121 0.301546 0.052083 0.092593
37 0.15378 0.862001 0.041667 0.074074
36 0.145285 0.681721 0.028846 0.051282
36 0.154313 0.64338 0.028846 0.051282
36 0.271767 0.202193 0.028846 0.051282
36 0.201454 0.814696 0.028846 0.051282
36 0.875385 0.713799 0.028846 0.051282
36 0.182424 0.823806 0.028846 0.051282
36 0.732242 0.513146 0.028846 0.051282
36 0.675491 0.976323 0.028846 0.051282
36 0.310422 0.798667 0.028846 0.051282
36 0.377506 0.806264 0.028846 0.051282
36 0.563387 0.543239 0.028846 0.051282
36 0.475771 0.220611 0.028846 0.051282
