0 0.5 0.49 0.078125 0.138889
23 0.979634 0.248576 0.052083 0.092593
1 0.184089 0.398369 0.052083 0.092593
1 0.397041 0.314479 0.052083 0.092593
1 0.122052 0.744642 0.052083 0.092593
1 0.79074 0.367406 0.052083 0.092593
38 0.910357 0.924314 0.052083 0.092593
36 0.90676 0.114601 0.028846 0.051282
36 0.016484 0.655601 0.028846 0.051282
36 0.911588 0.87271 0.028846 0.051282
36 0.059942 0.623507 0.028846 0.051282
36 0.345041 0.315939 0.028846 0.051282
36 0.307643 0.484116 0.028846 0.051282
36 0.145505 0.56673 0.028846 0.051282
36 0.078052 0.951094 0.028846 0.051282
36 0.212134 0.721312 0.028846 0.051282
36 0.169325 0.526904 0.028846 0.051282
36 0.160116 0.677346 0.028846 0.051282
36 0.235097 0.575444 0.028846 0.051282
36 0.284543 0.437004 0.028846 0.051282
36 0.364667 0.417106 0.028846 0.051282
36 0.363656 0.454979 0.028846 0.051282
36 0.88348 0.866127 0.028846 0.051282
36 0.933622 0.895352 0.028846 0.051282
36 0.935146 0.747283 0.028846 0.051282
36 0.2477 0.513981 0.028846 0.051282
36 0.790759 0.570737 0.028846 0.051282
36 0.6892 0.615997 0.028846 0.051282
36 0.662042 0.636208 0.028846 0.051282
36 0.298687 0.484677 0.028846 0.051282
