0 0.813023 0.49 0.078125 0.138889
1 0.409383 0.668864 0.052083 0.092593
1 0.311533 0.891596 0.052083 0.092593
2 0.288886 0.691032 0.052083 0.092593
1 0.130665 0.348583 0.052083 0.092593
1 0.352184 0.292264 0.052083 0.092593
1 0.606092 0.370932 0.052083 0.092593
14 0.037182 0.847466 0.0625 0.111111
14 0.030841 0.808307 0.0625 0.111111
14 0.756122 0.350783 0.0625 0.111111
14 0.01914 0.976857 0.0625 0.111111
6 0.543311 0.65881 0.117188 0.208333
6 0.107789 0.52675 0.117188 0.208333
35 0.896035 0.185005 0.083705 0.14881
37 0.559313 0.785789 0.041667 0.074074
37 0.272468 0.798859 0.041667 0.074074
37 0.68122 0.973497 0.041667 0.074074
37 0.639112 0.475574 0.041667 0.074074
36 0.72282 0.227768 0.028846 0.051282
36 0.905147 0.924293 0.028846 0.051282
36 0.134133 0.301382 0.028846 0.051282
36 0.835481 0.787981 0.028846 0.051282
36 0.892988 0.722294 0.028846 0.051282
36 0.797997 0.205626 0.028846 0.051282
36 0.822632 0.939001 0.028846 0.051282
36 0.755078 0.921532 0.028846 0.051282
36 0.07383 0.537198 0.028846 0.051282
36 0.140259 0.733193 0.028846 0.051282
36 0.103589 0.864988 0.028846 0.051282
36 0.190658 0.317351 0.028846 0.051282
36 0.366254 0.230878 0.028846 0.051282
36 0.347023 0.618285 0.028846 0.051282
36 0.761753 0.851854 0.028846 0.051282
36 0.84656 0.943552 0.028846 0.051282
36 0.307355 0.650243 0.028846 0.051282
36 0.340337 0.632276 0.028846 0.051282
36 0.081725 0.842607 0.028846 0.051282
36 0.331719 0.627667 0.028846 0.051282
36 0.2618 0.960827 0.028846 0.051282
36 0.0309 0.839668 0.028846 0.051282
36 0.305854 0.938867 0.028846 0.051282
36 0.231561 0.883042 0.028846 0.051282
36 0.127024 0.708813 0.028846 0.051282
36 0.796237 0.511333 0.028846 0.051282
36 0.621791 0.654022 0.028846 0.051282
36 0.798629 0.449367 0.028846 0.051282
