0 0.5 0.49 0.078125 0.138889
8 0.688985 0.454523 0.055804 0.099206
8 0.70433 0.562774 0.055804 0.099206
8 0.600653 0.963587 0.055804 0.099206
2 0.198716 0.796096 0.052083 0.092593
2 0.219413 0.829498 0.052083 0.092593
2 0.231591 0.761343 0.052083 0.092593
2 0.22778 0.719865 0.052083 0.092593
4 0.14074 0.750241 0.052083 0.092593
4 0.872393 0.100447 0.052083 0.092593
4 0.878588 0.778949 0.052083 0.092593
4 0.11341 0.09708 0.052083 0.092593
4 0.110838 0.231811 0.052083 0.092593
37 0.10321 0.881481 0.041667 0.074074
36 0.096119 0.91476 0.028846 0.051282
36 0.558386 0.279482 0.028846 0.051282
36 0.066042 0.527106 0.028846 0.051282
36 0.07507 0.488764 0.028846 0.051282
