0 0.634875 0.49 0.078125 0.138889
15 0.244397 0.806714 0.078125 0.138889
2 0.296147 0.092948 0.052083 0.092593
2 0.214442 0.123657 0.052083 0.092593
2 0.216271 0.253424 0.052083 0.092593
2 0.153281 0.275358 0.052083 0.092593
2 0.266108 0.36691 0.052083 0.092593
2 0.132017 0.236172 0.052083 0.092593
2 0.202078 0.301335 0.052083 0.092593
37 0.514673 0.613401 0.041667 0.074074
37 0.434617 0.689661 0.041667 0.074074
37 0.013136 0.725665 0.041667 0.074074
37 0.095189 0.085416 0.041667 0.074074
36 0.513627 0.569779 0.028846 0.051282
36 0.492381 0.592881 0.028846 0.051282
36 0.016947 0.75496 0.028846 0.051282
36 0.00889 0.688158 0.028846 0.051282
36 0.008682 0.773312 0.028846 0.051282
36 0.000997 0.711929 0.028846 0.051282
36 0.122115 0.038796 0.028846 0.051282
36 0.05651 0.146693 0.028846 0.051282
36 0.080146 0.084063 0.028846 0.051282
36 0.146664 0.066031 0.028846 0.051282
36 0.079833 0.12973 0.028846 0.051282
36 0.171151 0.140665 0.028846 0.051282
36 0.126341 0.067793 0.028846 0.051282
36 0.509378 0.542584 0.028846 0.051282
36 0.053768 0.037931 0.028846 0.051282
36 0.056018 0.272232 0.028846 0.051282
36 0.170855 0.220687 0.028846 0.051282
36 0.425368 0.526578 0.028846 0.051282
36 0.311705 0.189589 0.028846 0.051282
36 0.514063 0.330773 0.028846 0.051282
36 0.148478 0.055795 0.028846 0.051282
36 0.517312 0.581596 0.028846 0.051282
36 0.544862 0.333318 0.028846 0.051282
36 0.205677 0.04123 0.028846 0.051282
36 0.475475 0.522598 0.028846 0.051282
36 0.121007 0.323697 0.028846 0.051282
36 0.195131 0.024266 0.028846 0.051282
36 0.642297 0.295729 0.028846 0.051282
36 0.667188 0.350843 0.028846 0.051282
36 0.11247 0.455841 0.028846 0.051282
36 0.189734 0.34672 0.028846 0.051282
