0 0.37648 0.49 0.078125 0.138889
1 0.958687 0.439923 0.052083 0.092593
1 0.387686 0.951507 0.052083 0.092593
6 0.603739 0.488665 0.117188 0.208333
5 0.841913 0.83637 0.0625 0.111111
37 0.205741 0.110794 0.041667 0.074074
37 0.607005 0.102128 0.041667 0.074074
37 0.775734 0.643314 0.041667 0.074074
38 0.86349 0.944865 0.052083 0.092593
37 0.126288 0.859495 0.041667 0.074074
37 0.233755 0.020638 0.041667 0.074074
37 0.18337 0.363924 0.041667 0.074074
39 0.231767 0.388478 0.05 0.088889
36 0.193231 0.004753 0.028846 0.051282
36 0.642735 0.044255 0.028846 0.051282
36 0.173667 0.080197 0.028846 0.051282
36 0.815178 0.480256 0.028846 0.051282
36 0.993516 0.640125 0.028846 0.051282
36 0.369665 0.220684 0.028846 0.051282
36 0.960103 0.102062 0.028846 0.051282
36 0.746691 0.588649 0.028846 0.051282
36 0.760781 0.622602 0.028846 0.051282
36 0.74562 0.660754 0.028846 0.051282
36 0.494969 0.042772 0.028846 0.051282
36 0.803066 0.833152 0.028846 0.051282
36 0.436749 0.281145 0.028846 0.051282
36 0.436096 0.302556 0.028846 0.051282
36 0.442964 0.303573 0.028846 0.051282
36 0.87799 0.861454 0.028846 0.051282
36 0.85723 0.961491 0.028846 0.051282
36 0.813642 0.845907 0.028846 0.051282
36 0.86303 0.060333 0.028846 0.051282
36 0.844991 0.036663 0.028846 0.051282
36 0.891832 0.140191 0.028846 0.051282
36 0.38984 0.107484 0.028846 0.051282
36 0.515124 0.464345 0.028846 0.051282
36 0.508749 0.456605 0.028846 0.051282
36 0.132936 0.880976 0.028846 0.051282
36 0.123818 0.861365 0.028846 0.051282
36 0.676673 0.618604 0.028846 0.051282
36 0.673274 0.641986 0.028846 0.051282
36 0.379105 0.16254 0.028846 0.051282
36 0.858979 0.941555 0.028846 0.051282
