0 0.5 0.49 0.078125 0.138889
19 0.409437 0.537154 0.078125 0.138889
4 0.289017 0.692216 0.052083 0.092593
4 0.623478 0.617405 0.052083 0.092593
8 0.151156 0.496485 0.055804 0.099206
8 0.808391 0.541538 0.055804 0.099206
2 0.260431 0.343052 0.052083 0.092593
2 0.30816 0.935482 0.052083 0.092593
37 0.076525 0.85907 0.041667 0.074074
36 0.069434 0.892349 0.028846 0.051282
36 0.531701 0.257071 0.028846 0.051282
36 0.039357 0.504695 0.028846 0.051282
36 0.048385 0.466353 0.028846 0.051282
36 0.65157 0.463786 0.028846 0.051282
36 0.674464 0.695159 0.028846 0.051282
36 0.420024 0.751028 0.028846 0.051282
36 0.613945 0.259951 0.028846 0.051282
36 0.692073 0.120042 0.028846 0.051282
36 0.165838 0.025167 0.028846 0.051282
36 0.539397 0.201002 0.028846 0.051282
36 0.095525 0.63767 0.028846 0.051282
36 0.479569 0.453776 0.028846 0.051282
36 0.626923 0.274938 0.028846 0.051282
