0 0.5 0.49 0.078125 0.138889
6 0.109956 0.643792 0.117188 0.208333
6 0.301743 0.35208 0.117188 0.208333
4 0.494606 0.74009 0.052083 0.092593
15 0.342419 0.968835 0.078125 0.138889
15 0.363615 0.858434 0.078125 0.138889
15 0.360113 0.984543 0.078125 0.138889
15 0.315738 0.971582 0.078125 0.138889
15 0.115648 0.330265 0.078125 0.138889
15 0.124053 0.23606 0.078125 0.138889
15 0.070314 0.320495 0.078125 0.138889
2 0.185847 0.492601 0.052083 0.092593
2 0.161007 0.581953 0.052083 0.092593
2 0.15923 0.523985 0.052083 0.092593
2 0.12767 0.461945 0.052083 0.092593
2 0.189759 0.527607 0.052083 0.092593
2 0.044158 0.498001 0.052083 0.092593
2 0.137059 0.618465 0.052083 0.092593
35 0.879625 0.518565 0.083705 0.14881
37 0.522318 0.854709 0.041667 0.074074
37 0.442263 0.930969 0.041667 0.074074
37 0.020781 0.966973 0.041667 0.074074
37 0.102834 0.326724 0.041667 0.074074
37 0.468386 0.684877 0.041667 0.074074
37 0.516436 0.917072 0.041667 0.074074
37 0.102815 0.694304 0.041667 0.074074
37 0.463563 0.10801 0.041667 0.074074
36 0.758269 0.141343 0.028846 0.051282
36 0.834901 0.625233 0.028846 0.051282
36 0.523832 0.764241 0.028846 0.051282
36 0.484868 0.840648 0.028846 0.051282
36 0.490078 0.80814 0.028846 0.051282
36 0.431343 0.761142 0.028846 0.051282
36 0.357396 0.571855 0.028846 0.051282
36 0.455599 0.856684 0.028846 0.051282
36 0.477427 0.593416 0.028846 0.051282
36 0.321495 0.927115 0.028846 0.051282
36 0.362781 0.947416 0.028846 0.051282
36 0.401705 0.940728 0.028846 0.051282
36 0.370025 0.994027 0.028846 0.051282
36 0.292498 0.966528 0.028846 0.051282
36 0.372569 0.998057 0.028846 0.051282
36 0.395469 0.965078 0.028846 0.051282
36 0.394817 0.974326 0.028846 0.051282
36 0.349058 0.976126 0.028846 0.051282
36 0.385623 0.600743 0.028846 0.051282
36 0.410693 0.725871 0.028846 0.051282
36 0.418084 0.8297 0.028846 0.051282
36 0.462016 0.540003 0.028846 0.051282
36 0.468544 0.751719 0.028846 0.051282
36 0.377771 0.82131 0.028846 0.051282
36 0.365501 0.881512 0.028846 0.051282
36 0.484236 0.499874 0.028846 0.051282
36 0.487338 0.787988 0.028846 0.051282
36 0.034593 0.772832 0.028846 0.051282
36 0.04363 0.803629 0.028846 0.051282
36 0.010598 0.780584 0.028846 0.051282
36 0.464769 0.796339 0.028846 0.051282
36 0.657544 0.4812 0.028846 0.051282
36 0.615267 0.632212 0.028846 0.051282
