0 0.44018 0.49 0.078125 0.138889
4 0.920993 0.501127 0.052083 0.092593
4 0.226601 0.369422 0.052083 0.092593
4 0.613538 0.045735 0.052083 0.092593
4 0.201199 0.655079 0.052083 0.092593
19 0.968031 0.721271 0.078125 0.138889
37 0.182453 0.716868 0.041667 0.074074
37 0.254633 0.253814 0.041667 0.074074
36 0.175362 0.750147 0.028846 0.051282
36 0.137504 0.382766 0.028846 0.051282
36 0.263523 0.188918 0.028846 0.051282
36 0.213419 0.201215 0.028846 0.051282
36 0.25601 0.32651 0.028846 0.051282
36 0.31487 0.278838 0.028846 0.051282
36 0.45857 0.252476 0.028846 0.051282
36 0.460283 0.161715 0.028846 0.051282
36 0.42731 0.192268 0.028846 0.051282
