0 0.561055 0.565603 0.078125 0.138889
1 0.281314 0.3821 0.052083 0.092593
6 0.063485 0.225454 0.117188 0.208333
6 0.573233 0.20271 0.117188 0.208333
6 0.206755 0.776463 0.117188 0.208333
1 0.737528 0.151308 0.052083 0.092593
18 0.584494 0.664822 0.117188 0.208333
18 0.917541 0.230378 0.117188 0.208333
37 0.572447 0.317103 0.041667 0.074074
36 0.27291 0.250129 0.028846 0.051282
36 0.201418 0.338229 0.028846 0.051282
36 0.879678 0.709322 0.028846 0.051282
36 0.505474 0.019476 0.028846 0.051282
36 0.269253 0.342931 0.028846 0.051282
36 0.14911 0.127493 0.028846 0.051282
36 0.102952 0.078461 0.028846 0.051282
36 0.11331 0.461311 0.028846 0.051282
36 0.108674 0.464956 0.028846 0.051282
36 0.09396 0.441826 0.028846 0.051282
36 0.329737 0.123989 0.028846 0.051282
36 0.514738 0.33076 0.028846 0.051282
36 0.537301 0.492712 0.028846 0.051282
36 0.512714 0.377862 0.028846 0.051282
36 0.351086 0.506655 0.028846 0.051282
36 0.385472 0.542924 0.028846 0.051282
36 0.315371 0.373165 0.028846 0.051282
36 0.322009 0.398803 0.028846 0.051282
36 0.302812 0.389085 0.028846 0.051282
36 0.324895 0.359853 0.028846 0.051282
36 0.319223 0.365062 0.028846 0.051282
36 0.306398 0.334707 0.028846 0.051282
36 0.205496 0.202573 0.028846 0.051282
36 0.189488 0.662296 0.028846 0.051282
36 0.393256 0.193447 0.028846 0.051282
36 0.208789 0.358265 0.028846 0.051282
36 0.491557 0.320501 0.028846 0.051282
36 0.556948 0.407142 0.028846 0.051282
36 0.522967 0.438257 0.028846 0.051282
36 0.377587 0.589336 0.028846 0.051282
