0 0.293566 0.49 0.078125 0.138889
6 0.72434 0.488708 0.117188 0.208333
15 0.640449 0.769035 0.078125 0.138889
15 0.683568 0.833505 0.078125 0.138889
15 0.676517 0.78392 0.078125 0.138889
15 0.218414 0.750339 0.078125 0.138889
15 0.216982 0.827474 0.078125 0.138889
15 0.233576 0.883203 0.078125 0.138889
2 0.764485 0.376347 0.052083 0.092593
2 0.970798 0.389967 0.052083 0.092593
2 0.7069 0.257544 0.052083 0.092593
2 0.787474 0.234873 0.052083 0.092593
2 0.839744 0.186143 0.052083 0.092593
2 0.733317 0.282129 0.052083 0.092593
37 0.68134 0.881286 0.041667 0.074074
37 0.601284 0.957547 0.041667 0.074074
37 0.179802 0.99355 0.041667 0.074074
37 0.261855 0.353301 0.041667 0.074074
38 0.586551 0.452259 0.052083 0.092593
36 0.175556 0.956043 0.028846 0.051282
36 0.167664 0.979814 0.028846 0.051282
36 0.220434 0.305816 0.028846 0.051282
36 0.201188 0.395663 0.028846 0.051282
36 0.774713 0.205896 0.028846 0.051282
36 0.906889 0.400854 0.028846 0.051282
36 0.494343 0.885051 0.028846 0.051282
36 0.507335 0.791379 0.028846 0.051282
36 0.614679 0.790832 0.028846 0.051282
36 0.831466 0.429907 0.028846 0.051282
36 0.426421 0.859782 0.028846 0.051282
36 0.468665 0.437044 0.028846 0.051282
36 0.46649 0.419838 0.028846 0.051282
36 0.500168 0.384903 0.028846 0.051282
36 0.765144 0.318248 0.028846 0.051282
36 0.674511 0.757114 0.028846 0.051282
