0 0.606645 0.49 0.078125 0.138889
6 0.106181 0.116287 0.117188 0.208333
15 0.301708 0.055943 0.078125 0.138889
15 0.258777 0.09851 0.078125 0.138889
2 0.3125 0.195553 0.052083 0.092593
2 0.232859 0.204791 0.052083 0.092593
6 0.814929 0.096918 0.117188 0.208333
6 0.774897 0.23285 0.117188 0.208333
6 0.029219 0.542486 0.117188 0.208333
2 0.314016 0.529485 0.052083 0.092593
2 0.281284 0.461311 0.052083 0.092593
2 0.380892 0.40597 0.052083 0.092593
2 0.421356 0.543284 0.052083 0.092593
2 0.32984 0.501958 0.052083 0.092593
2 0.308288 0.488223 0.052083 0.092593
13 0.550702 0.531994 0.0625 0.111111
35 0.87198 0.159179 0.083705 0.14881
37 0.514673 0.495322 0.041667 0.074074
37 0.434617 0.571583 0.041667 0.074074
37 0.013136 0.607587 0.041667 0.074074
37 0.460741 0.32549 0.041667 0.074074
37 0.508791 0.557686 0.041667 0.074074
37 0.095169 0.334918 0.041667 0.074074
37 0.31018 0.759265 0.041667 0.074074
36 0.76001 0.815911 0.028846 0.051282
36 0.827256 0.265847 0.028846 0.051282
36 0.521139 0.659875 0.028846 0.051282
36 0.57896 0.65796 0.028846 0.051282
36 0.477223 0.481261 0.028846 0.051282
36 0.551407 0.456176 0.028846 0.051282
36 0.423697 0.401756 0.028846 0.051282
36 0.349751 0.212469 0.028846 0.051282
36 0.447954 0.497297 0.028846 0.051282
36 0.31385 0.567729 0.028846 0.051282
36 0.355136 0.58803 0.028846 0.051282
36 0.39406 0.581341 0.028846 0.051282
36 0.344913 0.732495 0.028846 0.051282
36 0.355401 0.643016 0.028846 0.051282
36 0.322838 0.833551 0.028846 0.051282
36 0.36238 0.63464 0.028846 0.051282
36 0.284853 0.607142 0.028846 0.051282
36 0.364923 0.63867 0.028846 0.051282
36 0.343322 0.695728 0.028846 0.051282
36 0.387823 0.605691 0.028846 0.051282
36 0.387171 0.614939 0.028846 0.051282
36 0.341413 0.61674 0.028846 0.051282
36 0.377978 0.241357 0.028846 0.051282
36 0.403048 0.366484 0.028846 0.051282
36 0.410439 0.470314 0.028846 0.051282
36 0.460899 0.392333 0.028846 0.051282
36 0.370125 0.461923 0.028846 0.051282
36 0.357856 0.522125 0.028846 0.051282
36 0.479693 0.428602 0.028846 0.051282
36 0.026948 0.413446 0.028846 0.051282
36 0.035985 0.444243 0.028846 0.051282
36 0.002953 0.421198 0.028846 0.051282
36 0.457124 0.436953 0.028846 0.051282
36 0.649899 0.121813 0.028846 0.051282
36 0.349585 0.080308 0.028846 0.051282
36 0.356973 0.041687 0.028846 0.051282
36 0.367085 0.016332 0.028846 0.051282
36 0.248932 0.176174 0.028846 0.051282
36 0.423074 0.414293 0.028846 0.051282
36 0.224181 0.242308 0.028846 0.051282
36 0.212489 0.028202 0.028846 0.051282
36 0.18643 0.326118 0.028846 0.051282
36 0.268315 0.230711 0.028846 0.051282
36 0.286591 0.178188 0.028846 0.051282
36 0.517717 0.433604 0.028846 0.051282
36 0.486623 0.449226 0.028846 0.051282
