0 0.577943 0.803442 0.078125 0.138889
6 0.542238 0.126683 0.117188 0.208333
18 0.360827 0.828611 0.117188 0.208333
1 0.304663 0.037575 0.052083 0.092593
1 0.314594 0.077845 0.052083 0.092593
36 0.27291 0.250129 0.028846 0.051282
36 0.201418 0.338229 0.028846 0.051282
36 0.835412 0.761919 0.028846 0.051282
36 0.879678 0.709322 0.028846 0.051282
36 0.854704 0.690257 0.028846 0.051282
36 0.505474 0.019476 0.028846 0.051282
36 0.269253 0.342931 0.028846 0.051282
36 0.14911 0.127493 0.028846 0.051282
36 0.102952 0.078461 0.028846 0.051282
36 0.11331 0.461311 0.028846 0.051282
36 0.108674 0.464956 0.028846 0.051282
36 0.09396 0.441826 0.028846 0.051282
36 0.490812 0.572609 0.028846 0.051282
