0 0.5 0.49 0.078125 0.138889
1 0.628226 0.955949 0.052083 0.092593
1 0.635872 0.703994 0.052083 0.092593
1 0.591617 0.42415 0.052083 0.092593
4 0.644278 0.452623 0.052083 0.092593
4 0.594928 0.3668 0.052083 0.092593
4 0.627857 0.417918 0.052083 0.092593
4 0.620348 0.368169 0.052083 0.092593
4 0.610864 0.467797 0.052083 0.092593
1 0.894083 0.983067 0.052083 0.092593
1 0.897925 0.8312 0.052083 0.092593
1 0.542801 0.216178 0.052083 0.092593
1 0.767317 0.194769 0.052083 0.092593
35 0.703039 0.09329 0.083705 0.14881
36 0.907328 0.215563 0.028846 0.051282
36 0.912155 0.973673 0.028846 0.051282
36 0.884047 0.96709 0.028846 0.051282
36 0.934189 0.996315 0.028846 0.051282
36 0.935713 0.848246 0.028846 0.051282
36 0.982501 0.383022 0.028846 0.051282
36 0.874773 0.639273 0.028846 0.051282
36 0.146669 0.410937 0.028846 0.051282
36 0.445331 0.78255 0.028846 0.051282
36 0.055721 0.514986 0.028846 0.051282
36 0.068851 0.559083 0.028846 0.051282
36 0.420536 0.937179 0.028846 0.051282
36 0.416413 0.896349 0.028846 0.051282
36 0.392897 0.880793 0.028846 0.051282
36 0.363363 0.84609 0.028846 0.051282
36 0.358895 0.780625 0.028846 0.051282
36 0.428251 0.905968 0.028846 0.051282
36 0.595327 0.472216 0.028846 0.051282
