0 0.5 0.49 0.078125 0.138889
19 0.537368 0.342561 0.078125 0.138889
4 0.534165 0.29587 0.052083 0.092593
8 0.390055 0.402851 0.055804 0.099206
37 0.136262 0.498899 0.041667 0.074074
37 0.616651 0.821806 0.041667 0.074074
38 0.466418 0.086909 0.052083 0.092593
36 0.129171 0.532178 0.028846 0.051282
36 0.099094 0.144524 0.028846 0.051282
36 0.108122 0.106183 0.028846 0.051282
36 0.155263 0.2775 0.028846 0.051282
36 0.233504 0.048228 0.028846 0.051282
36 0.248671 0.009892 0.028846 0.051282
36 0.268236 0.145151 0.028846 0.051282
36 0.218521 0.031401 0.028846 0.051282
36 0.936775 0.472141 0.028846 0.051282
36 0.45734 0.046673 0.028846 0.051282
36 0.493206 0.093033 0.028846 0.051282
36 0.494106 0.090721 0.028846 0.051282
36 0.389085 0.064656 0.028846 0.051282
36 0.456563 0.104614 0.028846 0.051282
36 0.37734 0.177338 0.028846 0.051282
36 0.478908 0.049577 0.028846 0.051282
36 0.476511 0.09623 0.028846 0.051282
36 0.422144 0.161531 0.028846 0.051282
36 0.340544 0.068869 0.028846 0.051282
36 0.341821 0.105487 0.028846 0.051282
36 0.231393 0.061542 0.028846 0.051282
36 0.829194 0.176602 0.028846 0.051282
36 0.681888 0.549469 0.028846 0.051282
36 0.35459 0.465101 0.028846 0.051282
36 0.565333 0.493307 0.028846 0.051282
36 0.371686 0.475921 0.028846 0.051282
