0 0.450351 0.802259 0.078125 0.138889
6 0.533968 0.059812 0.117188 0.208333
6 0.6799 0.560984 0.117188 0.208333
1 0.44665 0.243018 0.052083 0.092593
1 0.406233 0.10815 0.052083 0.092593
1 0.817006 0.13942 0.052083 0.092593
14 0.347181 0.072049 0.0625 0.111111
14 0.347372 0.415118 0.0625 0.111111
1 0.768653 0.777585 0.052083 0.092593
1 0.928988 0.291953 0.052083 0.092593
1 0.931112 0.749964 0.052083 0.092593
1 0.211469 0.455992 0.052083 0.092593
4 0.742622 0.035847 0.052083 0.092593
35 0.095122 0.015414 0.083705 0.14881
38 0.919393 0.904234 0.052083 0.092593
37 0.725979 0.138057 0.041667 0.074074
37 0.989558 0.633498 0.041667 0.074074
36 0.102779 0.080013 0.028846 0.051282
36 0.942907 0.791835 0.028846 0.051282
36 0.974475 0.85481 0.028846 0.051282
36 0.89898 0.769165 0.028846 0.051282
36 0.689313 0.794383 0.028846 0.051282
36 0.715439 0.718802 0.028846 0.051282
36 0.708203 0.758484 0.028846 0.051282
36 0.727002 0.749335 0.028846 0.051282
36 0.809112 0.653865 0.028846 0.051282
36 0.874141 0.759385 0.028846 0.051282
36 0.214029 0.023384 0.028846 0.051282
36 0.870365 0.692 0.028846 0.051282
36 0.501269 0.006246 0.028846 0.051282
36 0.852815 0.386096 0.028846 0.051282
36 0.441908 0.002033 0.028846 0.051282
36 0.989298 0.291269 0.028846 0.051282
36 0.967984 0.401896 0.028846 0.051282
36 0.82081 0.502517 0.028846 0.051282
36 0.716395 0.605298 0.028846 0.051282
36 0.465783 0.021858 0.028846 0.051282
36 0.601314 0.095425 0.028846 0.051282
36 0.6597 0.614249 0.028846 0.051282
36 0.580372 0.100565 0.028846 0.051282
36 0.793829 0.568329 0.028846 0.051282
36 0.497228 0.13268 0.028846 0.051282
36 0.454449 0.25564 0.028846 0.051282
36 0.970276 0.522255 0.028846 0.051282
36 0.385943 0.614043 0.028846 0.051282
36 0.463518 0.112279 0.028846 0.051282
36 0.293116 0.458061 0.028846 0.051282
