0 0.602808 0.6007 0.078125 0.138889
36 0.850687 0.767737 0.028846 0.051282
36 0.061803 0.156439 0.028846 0.051282
36 0.099224 0.498829 0.028846 0.051282
36 0.686849 0.437591 0.028846 0.051282
36 0.189387 0.489057 0.028846 0.051282
36 0.158029 0.597616 0.028846 0.051282
36 0.788532 0.49258 0.028846 0.051282
36 0.842116 0.463358 0.028846 0.051282
36 0.055131 0.431647 0.028846 0.051282
36 0.328152 0.776874 0.028846 0.051282
36 0.094089 0.75664 0.028846 0.051282
36 0.044835 0.749457 0.028846 0.051282
36 0.761041 0.1326 0.028846 0.051282
36 0.782006 0.105541 0.028846 0.051282
36 0.734172 0.233916 0.028846 0.051282
36 0.203789 0.16276 0.028846 0.051282
36 0.788079 0.379301 0.028846 0.051282
36 0.351974 0.427704 0.028846 0.051282
36 0.39905 0.342072 0.028846 0.051282
36 0.354983 0.405485 0.028846 0.051282
36 0.34996 0.797088 0.028846 0.051282
36 0.041811 0.00043 0.028846 0.051282
