0 0.600847 0.650419 0.078125 0.138889
14 0.326132 0.405591 0.0625 0.111111
1 0.449577 0.163609 0.052083 0.092593
1 0.752594 0.202659 0.052083 0.092593
1 0.808087 0.222666 0.052083 0.092593
1 0.082579 0.309875 0.052083 0.092593
1 0.06266 0.483618 0.052083 0.092593
4 0.44996 0.506424 0.052083 0.092593
4 0.425889 0.462267 0.052083 0.092593
6 0.395748 0.416167 0.117188 0.208333
38 0.752726 0.904234 0.052083 0.092593
37 0.559313 0.138057 0.041667 0.074074
37 0.822891 0.633498 0.041667 0.074074
36 0.776241 0.791835 0.028846 0.051282
36 0.807808 0.85481 0.028846 0.051282
36 0.896384 0.839409 0.028846 0.051282
36 0.905147 0.27656 0.028846 0.051282
36 0.839202 0.678409 0.028846 0.051282
36 0.899904 0.736419 0.028846 0.051282
36 0.732314 0.769165 0.028846 0.051282
36 0.835481 0.140248 0.028846 0.051282
36 0.707474 0.759385 0.028846 0.051282
36 0.047362 0.023384 0.028846 0.051282
36 0.892988 0.074561 0.028846 0.051282
36 0.699425 0.690647 0.028846 0.051282
36 0.334603 0.006246 0.028846 0.051282
36 0.686148 0.386096 0.028846 0.051282
36 0.275241 0.002033 0.028846 0.051282
36 0.822632 0.291269 0.028846 0.051282
36 0.801318 0.401896 0.028846 0.051282
36 0.643545 0.529233 0.028846 0.051282
36 0.299116 0.021858 0.028846 0.051282
36 0.434647 0.095425 0.028846 0.051282
36 0.413706 0.100565 0.028846 0.051282
36 0.330561 0.13268 0.028846 0.051282
36 0.287783 0.25564 0.028846 0.051282
36 0.80361 0.522255 0.028846 0.051282
36 0.219276 0.614043 0.028846 0.051282
36 0.296851 0.112279 0.028846 0.051282
36 0.126449 0.458061 0.028846 0.051282
36 0.220391 0.408517 0.028846 0.051282
36 0.752646 0.369833 0.028846 0.051282
36 0.554943 0.070154 0.028846 0.051282
36 0.5758 0.743364 0.028846 0.051282
36 0.631641 0.27447 0.028846 0.051282
