0 0.5 0.49 0.078125 0.138889
1 0.598724 0.097647 0.052083 0.092593
1 0.28396 0.03114 0.052083 0.092593
1 0.87265 0.104448 0.052083 0.092593
6 0.698692 0.781233 0.117188 0.208333
6 0.79196 0.607348 0.117188 0.208333
36 0.957431 0.109559 0.028846 0.051282
36 0.974887 0.410462 0.028846 0.051282
36 0.07608 0.234117 0.028846 0.051282
36 0.481916 0.862972 0.028846 0.051282
36 0.651387 0.810469 0.028846 0.051282
36 0.50928 0.59265 0.028846 0.051282
36 0.519055 0.597506 0.028846 0.051282
36 0.508788 0.5975 0.028846 0.051282
36 0.639038 0.231969 0.028846 0.051282
36 0.87352 0.73593 0.028846 0.051282
