0 0.614476 0.652855 0.078125 0.138889
1 0.310386 0.778111 0.052083 0.092593
1 0.117235 0.807793 0.052083 0.092593
1 0.426171 0.779172 0.052083 0.092593
1 0.036621 0.819001 0.052083 0.092593
15 0.013303 0.449012 0.078125 0.138889
14 0.77266 0.464566 0.0625 0.111111
36 0.916618 0.329881 0.028846 0.051282
36 0.828595 0.594656 0.028846 0.051282
36 0.466154 0.134104 0.028846 0.051282
36 0.908581 0.010033 0.028846 0.051282
36 0.793446 0.323043 0.028846 0.051282
36 0.831893 0.341439 0.028846 0.051282
36 0.12624 0.028998 0.028846 0.051282
36 0.084513 0.035358 0.028846 0.051282
36 0.029106 0.062762 0.028846 0.051282
36 0.034043 0.487858 0.028846 0.051282
