0 0.5 0.49 0.078125 0.138889
1 0.480648 0.318172 0.052083 0.092593
1 0.754828 0.591721 0.052083 0.092593
1 0.764523 0.689563 0.052083 0.092593
1 0.495739 0.263315 0.052083 0.092593
1 0.289905 0.448472 0.052083 0.092593
1 0.417937 0.219385 0.052083 0.092593
8 0.577872 0.360878 0.055804 0.099206
37 0.370204 0.589795 0.041667 0.074074
38 0.456757 0.451001 0.052083 0.092593
36 0.509982 0.548466 0.028846 0.051282
36 0.396517 0.739118 0.028846 0.051282
36 0.286564 0.524167 0.028846 0.051282
36 0.278541 0.428147 0.028846 0.051282
36 0.196927 0.167987 0.028846 0.051282
36 0.18837 0.11764 0.028846 0.051282
36 0.228536 0.078703 0.028846 0.051282
36 0.180166 0.115547 0.028846 0.051282
36 0.491711 0.403424 0.028846 0.051282
36 0.420476 0.365694 0.028846 0.051282
36 0.47431 0.42084 0.028846 0.051282
36 0.445749 0.430044 0.028846 0.051282
36 0.477056 0.511523 0.028846 0.051282
