0 0.196507 0.488415 0.078125 0.138889
18 0.457904 0.729508 0.117188 0.208333
14 0.455803 0.786299 0.0625 0.111111
14 0.824415 0.453304 0.0625 0.111111
5 0.453419 0.867812 0.0625 0.111111
14 0.193296 0.841009 0.0625 0.111111
37 0.26093 0.33447 0.041667 0.074074
37 0.467763 0.53309 0.041667 0.074074
37 0.724332 0.628722 0.041667 0.074074
37 0.769116 0.381532 0.041667 0.074074
37 0.924825 0.462702 0.041667 0.074074
38 0.553337 0.90868 0.052083 0.092593
37 0.212523 0.577017 0.041667 0.074074
37 0.487788 0.505486 0.041667 0.074074
37 0.192209 0.892949 0.041667 0.074074
36 0.096276 0.267253 0.028846 0.051282
36 0.126067 0.499297 0.028846 0.051282
36 0.185634 0.962446 0.028846 0.051282
36 0.134927 0.444114 0.028846 0.051282
36 0.144848 0.983026 0.028846 0.051282
36 0.19066 0.630152 0.028846 0.051282
36 0.102774 0.837117 0.028846 0.051282
36 0.194189 0.85567 0.028846 0.051282
36 0.194496 0.874541 0.028846 0.051282
36 0.231436 0.879116 0.028846 0.051282
36 0.191512 0.600011 0.028846 0.051282
36 0.502428 0.827939 0.028846 0.051282
36 0.263654 0.901994 0.028846 0.051282
36 0.299714 0.718465 0.028846 0.051282
36 0.143329 0.913319 0.028846 0.051282
36 0.790587 0.973842 0.028846 0.051282
36 0.814537 0.966726 0.028846 0.051282
36 0.766078 0.941678 0.028846 0.051282
36 0.866401 0.341622 0.028846 0.051282
36 0.193675 0.757115 0.028846 0.051282
36 0.0925 0.539607 0.028846 0.051282
36 0.7891 0.330354 0.028846 0.051282
36 0.174594 0.235953 0.028846 0.051282
