0 0.5 0.521994 0.078125 0.138889
14 0.331071 0.428101 0.0625 0.111111
15 0.23092 0.273597 0.078125 0.138889
15 0.915227 0.264518 0.078125 0.138889
14 0.283557 0.653175 0.0625 0.111111
1 0.751434 0.802978 0.052083 0.092593
14 0.071942 0.727736 0.0625 0.111111
38 0.998245 0.519772 0.052083 0.092593
38 0.536199 0.219791 0.052083 0.092593
36 0.085156 0.773901 0.028846 0.051282
36 0.114994 0.691322 0.028846 0.051282
36 0.095232 0.577023 0.028846 0.051282
36 0.818299 0.78076 0.028846 0.051282
36 0.177745 0.720529 0.028846 0.051282
36 0.896034 0.597885 0.028846 0.051282
36 0.898237 0.563214 0.028846 0.051282
36 0.96948 0.670507 0.028846 0.051282
36 0.962153 0.80426 0.028846 0.051282
36 0.355853 0.620011 0.028846 0.051282
36 0.231189 0.543871 0.028846 0.051282
36 0.239079 0.008657 0.028846 0.051282
36 0.060138 0.696548 0.028846 0.051282
36 0.168496 0.273557 0.028846 0.051282
36 0.35045 0.702001 0.028846 0.051282
36 0.972235 0.039884 0.028846 0.051282
36 0.506768 0.263715 0.028846 0.051282
36 0.870402 0.819591 0.028846 0.051282
36 0.95262 0.62614 0.028846 0.051282
36 0.984952 0.541875 0.028846 0.051282
36 0.12771 0.294137 0.028846 0.051282
36 0.324957 0.548428 0.028846 0.051282
36 0.278654 0.474105 0.028846 0.051282
36 0.294955 0.503642 0.028846 0.051282
