0 0.467908 0.550659 0.078125 0.138889
3 0.598655 0.233374 0.052083 0.092593
3 0.315784 0.292714 0.052083 0.092593
3 0.579591 0.397204 0.052083 0.092593
1 0.48877 0.202309 0.052083 0.092593
1 0.466324 0.191926 0.052083 0.092593
1 0.44446 0.105281 0.052083 0.092593
1 0.470129 0.04596 0.052083 0.092593
1 0.490548 0.085524 0.052083 0.092593
1 0.499177 0.251556 0.052083 0.092593
14 0.476827 0.486315 0.0625 0.111111
36 0.792284 0.405771 0.028846 0.051282
36 0.709447 0.122376 0.028846 0.051282
36 0.614065 0.146611 0.028846 0.051282
