0 0.222336 0.49 0.078125 0.138889
18 0.349176 0.321935 0.117188 0.208333
14 0.701125 0.13163 0.0625 0.111111
1 0.294114 0.771436 0.052083 0.092593
1 0.71956 0.920759 0.052083 0.092593
18 0.593837 0.905431 0.117188 0.208333
1 0.094091 0.855469 0.052083 0.092593
35 0.996966 0.876823 0.083705 0.14881
37 0.467763 0.171268 0.041667 0.074074
37 0.724332 0.2669 0.041667 0.074074
37 0.769116 0.01971 0.041667 0.074074
37 0.924825 0.10088 0.041667 0.074074
38 0.553337 0.546858 0.052083 0.092593
37 0.212523 0.215195 0.041667 0.074074
37 0.487788 0.143665 0.041667 0.074074
37 0.211493 0.7678 0.041667 0.074074
37 0.192209 0.531127 0.041667 0.074074
37 0.981139 0.493577 0.041667 0.074074
36 0.913172 0.924952 0.028846 0.051282
36 0.915375 0.890281 0.028846 0.051282
36 0.986618 0.997574 0.028846 0.051282
36 0.969758 0.953207 0.028846 0.051282
36 0.187315 0.736618 0.028846 0.051282
36 0.502428 0.466117 0.028846 0.051282
36 0.175467 0.90408 0.028846 0.051282
36 0.639988 0.949689 0.028846 0.051282
36 0.790587 0.61202 0.028846 0.051282
36 0.814537 0.604904 0.028846 0.051282
36 0.766078 0.579856 0.028846 0.051282
36 0.706566 0.689376 0.028846 0.051282
36 0.377154 0.725125 0.028846 0.051282
36 0.614426 0.974218 0.028846 0.051282
36 0.751159 0.93314 0.028846 0.051282
36 0.978754 0.626252 0.028846 0.051282
36 0.397662 0.434334 0.028846 0.051282
36 0.805051 0.760602 0.028846 0.051282
36 0.63531 0.536112 0.028846 0.051282
36 0.669735 0.962948 0.028846 0.051282
36 0.961634 0.164343 0.028846 0.051282
