0 0.499705 0.201173 0.078125 0.138889
4 0.448642 0.291559 0.052083 0.092593
4 0.392441 0.429195 0.052083 0.092593
4 0.416315 0.446323 0.052083 0.092593
1 0.424663 0.356841 0.052083 0.092593
1 0.401235 0.349392 0.052083 0.092593
1 0.481198 0.476842 0.052083 0.092593
1 0.471779 0.312066 0.052083 0.092593
1 0.470304 0.270733 0.052083 0.092593
4 0.38117 0.386583 0.052083 0.092593
1 0.283134 0.695057 0.052083 0.092593
1 0.283731 0.834707 0.052083 0.092593
2 0.485827 0.200726 0.052083 0.092593
2 0.508917 0.285942 0.052083 0.092593
2 0.482617 0.235983 0.052083 0.092593
2 0.492965 0.266008 0.052083 0.092593
4 0.629599 0.272655 0.052083 0.092593
1 0.515858 0.214777 0.052083 0.092593
1 0.581704 0.22097 0.052083 0.092593
35 0.508357 0.155773 0.083705 0.14881
37 0.3309 0.80669 0.041667 0.074074
36 0.554706 0.861292 0.028846 0.051282
36 0.371654 0.932055 0.028846 0.051282
36 0.226837 0.6034 0.028846 0.051282
36 0.132196 0.702158 0.028846 0.051282
