0 0.5 0.361253 0.078125 0.138889
14 0.076504 0.260669 0.0625 0.111111
1 0.66148 0.27375 0.052083 0.092593
1 0.885945 0.482154 0.052083 0.092593
1 0.921706 0.908876 0.052083 0.092593
1 0.926454 0.623072 0.052083 0.092593
18 0.317424 0.632418 0.117188 0.208333
37 0.177328 0.33447 0.041667 0.074074
37 0.384161 0.53309 0.041667 0.074074
36 0.549219 0.822993 0.028846 0.051282
36 0.903753 0.651542 0.028846 0.051282
36 0.469601 0.408169 0.028846 0.051282
36 0.991645 0.698922 0.028846 0.051282
36 0.891372 0.550937 0.028846 0.051282
36 0.743681 0.595945 0.028846 0.051282
36 0.779838 0.370787 0.028846 0.051282
36 0.660937 0.627535 0.028846 0.051282
36 0.937547 0.69979 0.028846 0.051282
36 0.932056 0.863736 0.028846 0.051282
36 0.882916 0.366688 0.028846 0.051282
36 0.896963 0.428825 0.028846 0.051282
36 0.674737 0.672742 0.028846 0.051282
36 0.048424 0.879557 0.028846 0.051282
36 0.012674 0.267253 0.028846 0.051282
36 0.513986 0.945234 0.028846 0.051282
36 0.727731 0.280244 0.028846 0.051282
