0 0.511159 0.260554 0.078125 0.138889
25 0.555451 0.536729 0.072917 0.12963
14 0.81128 0.907757 0.0625 0.111111
1 0.015276 0.704405 0.052083 0.092593
37 0.094263 0.33447 0.041667 0.074074
37 0.301096 0.53309 0.041667 0.074074
37 0.557665 0.628722 0.041667 0.074074
37 0.602449 0.381532 0.041667 0.074074
37 0.758158 0.462702 0.041667 0.074074
36 0.466154 0.822993 0.028846 0.051282
36 0.591672 0.672742 0.028846 0.051282
36 0.430921 0.945234 0.028846 0.051282
36 0.441473 0.750724 0.028846 0.051282
36 0.211673 0.213636 0.028846 0.051282
36 0.456618 0.702498 0.028846 0.051282
36 0.546627 0.639962 0.028846 0.051282
36 0.551874 0.65856 0.028846 0.051282
36 0.575384 0.630299 0.028846 0.051282
36 0.538409 0.321024 0.028846 0.051282
36 0.768567 0.241556 0.028846 0.051282
36 0.608355 0.335919 0.028846 0.051282
36 0.900238 0.724579 0.028846 0.051282
36 0.508811 0.805231 0.028846 0.051282
36 0.583637 0.564042 0.028846 0.051282
36 0.6237 0.533549 0.028846 0.051282
36 0.597382 0.516387 0.028846 0.051282
36 0.770783 0.384812 0.028846 0.051282
36 0.759206 0.491222 0.028846 0.051282
36 0.707006 0.61329 0.028846 0.051282
36 0.119506 0.265726 0.028846 0.051282
36 0.685635 0.288662 0.028846 0.051282
36 0.19877 0.264736 0.028846 0.051282
36 0.055842 0.310031 0.028846 0.051282
36 0.487172 0.298576 0.028846 0.051282
36 0.472488 0.351497 0.028846 0.051282
36 0.495567 0.302 0.028846 0.051282
36 0.431234 0.664639 0.028846 0.051282
36 0.379405 0.888111 0.028846 0.051282
36 0.836584 0.605681 0.028846 0.051282
