0 0.540083 0.525355 0.078125 0.138889
25 0.638006 0.794893 0.072917 0.12963
36 0.916618 0.329881 0.028846 0.051282
36 0.828595 0.594656 0.028846 0.051282
36 0.596448 0.740053 0.028846 0.051282
36 0.466154 0.134104 0.028846 0.051282
36 0.908581 0.010033 0.028846 0.051282
36 0.705503 0.316933 0.028846 0.051282
36 0.599636 0.53609 0.028846 0.051282
36 0.643083 0.707632 0.028846 0.051282
36 0.793446 0.323043 0.028846 0.051282
36 0.831893 0.341439 0.028846 0.051282
36 0.498892 0.565144 0.028846 0.051282
36 0.485777 0.654044 0.028846 0.051282
36 0.502102 0.562495 0.028846 0.051282
36 0.12624 0.028998 0.028846 0.051282
36 0.084513 0.035358 0.028846 0.051282
36 0.031595 0.065449 0.028846 0.051282
36 0.031666 0.516129 0.028846 0.051282
