0 0.5 0.66979 0.078125 0.138889
14 0.770082 0.009292 0.0625 0.111111
18 0.648688 0.088314 0.117188 0.208333
6 0.469329 0.1119 0.117188 0.208333
25 0.183682 0.079914 0.072917 0.12963
14 0.157166 0.100087 0.0625 0.111111
14 0.243519 0.160091 0.0625 0.111111
14 0.046307 0.099899 0.0625 0.111111
14 0.427051 0.217177 0.0625 0.111111
35 0.132039 0.499208 0.083705 0.14881
36 0.822094 0.534647 0.028846 0.051282
36 0.841951 0.490941 0.028846 0.051282
36 0.464343 0.262128 0.028846 0.051282
36 0.150221 0.692099 0.028846 0.051282
36 0.129559 0.326291 0.028846 0.051282
36 0.372245 0.386219 0.028846 0.051282
36 0.228442 0.157709 0.028846 0.051282
36 0.349296 0.301115 0.028846 0.051282
36 0.204264 0.045563 0.028846 0.051282
36 0.25195 0.182084 0.028846 0.051282
36 0.119046 0.529383 0.028846 0.051282
36 0.480457 0.163446 0.028846 0.051282
36 0.894209 0.190067 0.028846 0.051282
36 0.082255 0.039025 0.028846 0.051282
36 0.257516 0.280823 0.028846 0.051282
36 0.937706 0.131701 0.028846 0.051282
36 0.286114 0.108584 0.028846 0.051282
36 0.400077 0.211722 0.028846 0.051282
36 0.393878 0.145379 0.028846 0.051282
36 0.697388 0.377676 0.028846 0.051282
36 0.715028 0.332037 0.028846 0.051282
36 0.704873 0.41968 0.028846 0.051282
36 0.543034 0.379344 0.028846 0.051282
36 0.441795 0.452176 0.028846 0.051282
