0 0.412428 0.49 0.078125 0.138889
18 0.874783 0.541753 0.117188 0.208333
14 0.201388 0.870973 0.0625 0.111111
16 0.157316 0.925477 0.078125 0.138889
35 0.780585 0.167316 0.083705 0.14881
38 0.105612 0.890895 0.052083 0.092593
37 0.972748 0.213051 0.041667 0.074074
37 0.682945 0.04064 0.041667 0.074074
37 0.788894 0.945169 0.041667 0.074074
37 0.996292 0.451161 0.041667 0.074074
37 0.788871 0.889125 0.041667 0.074074
36 0.421138 0.591231 0.028846 0.051282
36 0.717109 0.903468 0.028846 0.051282
36 0.78616 0.886007 0.028846 0.051282
36 0.487492 0.351013 0.028846 0.051282
36 0.223211 0.038381 0.028846 0.051282
36 0.860754 0.819112 0.028846 0.051282
