0 0.229656 0.49 0.078125 0.138889
25 0.827668 0.563718 0.072917 0.12963
18 0.6167 0.450281 0.117188 0.208333
14 0.872156 0.198377 0.0625 0.111111
1 0.319879 0.226811 0.052083 0.092593
37 0.26093 0.276927 0.041667 0.074074
37 0.467763 0.475547 0.041667 0.074074
37 0.724332 0.571179 0.041667 0.074074
37 0.769116 0.323989 0.041667 0.074074
37 0.925529 0.422523 0.041667 0.074074
36 0.632821 0.765449 0.028846 0.051282
36 0.758339 0.615199 0.028846 0.051282
36 0.096276 0.20971 0.028846 0.051282
36 0.597588 0.887691 0.028846 0.051282
36 0.422804 0.561737 0.028846 0.051282
36 0.396548 0.578538 0.028846 0.051282
36 0.413303 0.569431 0.028846 0.051282
36 0.57501 0.210686 0.028846 0.051282
36 0.608139 0.693181 0.028846 0.051282
36 0.37834 0.156093 0.028846 0.051282
36 0.623285 0.644955 0.028846 0.051282
36 0.482936 0.596943 0.028846 0.051282
36 0.368304 0.208721 0.028846 0.051282
36 0.713294 0.582419 0.028846 0.051282
36 0.718541 0.601017 0.028846 0.051282
36 0.742051 0.572755 0.028846 0.051282
36 0.758913 0.321553 0.028846 0.051282
36 0.39821 0.425884 0.028846 0.051282
36 0.935234 0.184013 0.028846 0.051282
36 0.787757 0.286557 0.028846 0.051282
36 0.48945 0.614783 0.028846 0.051282
36 0.675478 0.747687 0.028846 0.051282
36 0.750304 0.506498 0.028846 0.051282
36 0.790367 0.476005 0.028846 0.051282
36 0.764048 0.458844 0.028846 0.051282
36 0.189838 0.527161 0.028846 0.051282
36 0.236073 0.627713 0.028846 0.051282
36 0.223672 0.63188 0.028846 0.051282
36 0.221562 0.673402 0.028846 0.051282
36 0.922819 0.298571 0.028846 0.051282
36 0.926108 0.435245 0.028846 0.051282
36 0.359946 0.338019 0.028846 0.051282
36 0.895705 0.516161 0.028846 0.051282
