0 0.25319 0.49 0.078125 0.138889
18 0.492548 0.51998 0.117188 0.208333
18 0.472836 0.589514 0.117188 0.208333
14 0.459801 0.658595 0.0625 0.111111
1 0.556316 0.670632 0.052083 0.092593
1 0.925224 0.681171 0.052083 0.092593
1 0.897794 0.754698 0.052083 0.092593
25 0.11971 0.228817 0.072917 0.12963
14 0.414725 0.673867 0.0625 0.111111
1 0.112819 0.202358 0.052083 0.092593
1 0.826215 0.819813 0.052083 0.092593
1 0.272116 0.784221 0.052083 0.092593
35 0.283648 0.766611 0.083705 0.14881
38 0.553337 0.220436 0.052083 0.092593
37 0.192209 0.204704 0.041667 0.074074
37 0.981139 0.167154 0.041667 0.074074
37 0.930562 0.630711 0.041667 0.074074
36 0.835437 0.781405 0.028846 0.051282
36 0.913172 0.59853 0.028846 0.051282
36 0.915375 0.563859 0.028846 0.051282
36 0.986618 0.671152 0.028846 0.051282
36 0.97929 0.804905 0.028846 0.051282
36 0.077276 0.697193 0.028846 0.051282
36 0.88754 0.820235 0.028846 0.051282
36 0.969758 0.626785 0.028846 0.051282
36 0.767833 0.79436 0.028846 0.051282
36 0.926291 0.842829 0.028846 0.051282
36 0.502428 0.139695 0.028846 0.051282
36 0.639988 0.623267 0.028846 0.051282
36 0.901618 0.843277 0.028846 0.051282
36 0.790587 0.285597 0.028846 0.051282
36 0.814537 0.278482 0.028846 0.051282
36 0.766078 0.253433 0.028846 0.051282
36 0.706566 0.362953 0.028846 0.051282
36 0.377154 0.398703 0.028846 0.051282
36 0.614426 0.647796 0.028846 0.051282
36 0.751159 0.606718 0.028846 0.051282
36 0.978754 0.29983 0.028846 0.051282
36 0.397662 0.107912 0.028846 0.051282
36 0.805051 0.434179 0.028846 0.051282
36 0.63531 0.20969 0.028846 0.051282
36 0.669735 0.636526 0.028846 0.051282
36 0.964656 0.602664 0.028846 0.051282
36 0.726326 0.625958 0.028846 0.051282
36 0.775088 0.054094 0.028846 0.051282
36 0.851158 0.833127 0.028846 0.051282
36 0.119615 0.399649 0.028846 0.051282
36 0.727535 0.888588 0.028846 0.051282
36 0.101333 0.36411 0.028846 0.051282
36 0.082495 0.419914 0.028846 0.051282
