0 0.53607 0.49 0.078125 0.138889
5 0.672333 0.106246 0.0625 0.111111
18 0.16082 0.467802 0.117188 0.208333
18 0.317671 0.248334 0.117188 0.208333
7 0.467891 0.956641 0.052083 0.092593
15 0.632192 0.978193 0.078125 0.138889
15 0.01604 0.780601 0.078125 0.138889
14 0.797264 0.649021 0.0625 0.111111
14 0.404138 0.029917 0.0625 0.111111
1 0.89069 0.303989 0.052083 0.092593
35 0.00671 0.774523 0.083705 0.14881
38 0.848716 0.865859 0.052083 0.092593
37 0.301096 0.190288 0.041667 0.074074
37 0.557665 0.28592 0.041667 0.074074
37 0.602449 0.03873 0.041667 0.074074
37 0.758158 0.1199 0.041667 0.074074
38 0.386671 0.565878 0.052083 0.092593
37 0.045856 0.234215 0.041667 0.074074
37 0.321121 0.162684 0.041667 0.074074
36 0.900238 0.381777 0.028846 0.051282
36 0.746506 0.943972 0.028846 0.051282
36 0.748709 0.909301 0.028846 0.051282
36 0.836584 0.262879 0.028846 0.051282
36 0.018968 0.619644 0.028846 0.051282
36 0.045524 0.149403 0.028846 0.051282
36 0.822706 0.385971 0.028846 0.051282
36 0.746438 0.257302 0.028846 0.051282
36 0.821828 0.269863 0.028846 0.051282
36 0.074177 0.194734 0.028846 0.051282
36 0.022238 0.233187 0.028846 0.051282
36 0.024201 0.262572 0.028846 0.051282
36 0.696561 0.320895 0.028846 0.051282
36 0.803091 0.972227 0.028846 0.051282
36 0.021385 0.266053 0.028846 0.051282
36 0.835423 0.887962 0.028846 0.051282
36 0.873659 0.905618 0.028846 0.051282
36 0.681582 0.329078 0.028846 0.051282
36 0.128089 0.134734 0.028846 0.051282
36 0.550246 0.108919 0.028846 0.051282
36 0.823592 0.240584 0.028846 0.051282
36 0.01716 0.346542 0.028846 0.051282
36 0.671307 0.41576 0.028846 0.051282
36 0.71574 0.205214 0.028846 0.051282
36 0.656829 0.242403 0.028846 0.051282
36 0.850028 0.803051 0.028846 0.051282
36 0.027523 0.512868 0.028846 0.051282
36 0.02783 0.531739 0.028846 0.051282
36 0.064769 0.536314 0.028846 0.051282
36 0.013416 0.334988 0.028846 0.051282
36 0.509577 0.215884 0.028846 0.051282
36 0.519605 0.061517 0.028846 0.051282
