0 0.233914 0.317305 0.078125 0.138889
14 0.738544 0.650404 0.0625 0.111111
1 0.131871 0.952711 0.052083 0.092593
25 0.311951 0.25022 0.072917 0.12963
14 0.65295 0.989389 0.0625 0.111111
1 0.875327 0.230831 0.052083 0.092593
14 0.883445 0.809508 0.0625 0.111111
37 0.26093 0.33447 0.041667 0.074074
36 0.632821 0.822993 0.028846 0.051282
36 0.987355 0.651542 0.028846 0.051282
36 0.512802 0.611016 0.028846 0.051282
36 0.974974 0.550937 0.028846 0.051282
36 0.827283 0.595945 0.028846 0.051282
36 0.86344 0.370787 0.028846 0.051282
36 0.744539 0.627535 0.028846 0.051282
36 0.966519 0.366688 0.028846 0.051282
36 0.436468 0.548718 0.028846 0.051282
36 0.980565 0.428825 0.028846 0.051282
36 0.420653 0.356182 0.028846 0.051282
36 0.180587 0.229748 0.028846 0.051282
36 0.177637 0.256865 0.028846 0.051282
36 0.350145 0.278715 0.028846 0.051282
