0 0.550727 0.49 0.078125 0.138889
18 0.468895 0.332722 0.117188 0.208333
25 0.641368 0.880791 0.072917 0.12963
25 0.267072 0.148994 0.072917 0.12963
14 0.24483 0.936995 0.0625 0.111111
8 0.657438 0.28426 0.055804 0.099206
38 0.860898 0.062492 0.052083 0.092593
37 0.151694 0.804672 0.041667 0.074074
37 0.480208 0.865787 0.041667 0.074074
36 0.756602 0.924678 0.028846 0.051282
36 0.77646 0.880973 0.028846 0.051282
36 0.715392 0.346685 0.028846 0.051282
36 0.820784 0.09761 0.028846 0.051282
36 0.840568 0.04435 0.028846 0.051282
36 0.875811 0.101736 0.028846 0.051282
36 0.808465 0.253142 0.028846 0.051282
36 0.774903 0.150375 0.028846 0.051282
36 0.609034 0.188612 0.028846 0.051282
36 0.828717 0.580099 0.028846 0.051282
36 0.823229 0.286195 0.028846 0.051282
36 0.834082 0.221849 0.028846 0.051282
36 0.665754 0.205593 0.028846 0.051282
36 0.731651 0.133197 0.028846 0.051282
36 0.605241 0.26002 0.028846 0.051282
36 0.872214 0.521732 0.028846 0.051282
36 0.633249 0.325069 0.028846 0.051282
36 0.631896 0.767708 0.028846 0.051282
36 0.649537 0.722069 0.028846 0.051282
36 0.639382 0.809712 0.028846 0.051282
36 0.002908 0.949427 0.028846 0.051282
36 0.030011 0.977812 0.028846 0.051282
36 0.632734 0.152239 0.028846 0.051282
36 0.693054 0.777696 0.028846 0.051282
36 0.69954 0.758242 0.028846 0.051282
36 0.681848 0.338463 0.028846 0.051282
36 0.918953 0.260839 0.028846 0.051282
36 0.091373 0.142312 0.028846 0.051282
36 0.375193 0.834739 0.028846 0.051282
36 0.694353 0.38388 0.028846 0.051282
36 0.641452 0.120549 0.028846 0.051282
36 0.19572 0.068666 0.028846 0.051282
36 0.120128 0.007916 0.028846 0.051282
36 0.476998 0.798767 0.028846 0.051282
36 0.205173 0.856288 0.028846 0.051282
36 0.630194 0.189221 0.028846 0.051282
36 0.366906 0.783293 0.028846 0.051282
36 0.042784 0.890355 0.028846 0.051282
36 0.707883 0.728813 0.028846 0.051282
36 0.172524 0.109583 0.028846 0.051282
36 0.644246 0.535114 0.028846 0.051282
36 0.575688 0.172418 0.028846 0.051282
36 0.102058 0.498269 0.028846 0.051282
36 0.60969 0.611024 0.028846 0.051282
