0 0.474755 0.49 0.078125 0.138889
6 0.713968 0.93343 0.117188 0.208333
14 0.872867 0.189408 0.0625 0.111111
14 0.706997 0.842083 0.0625 0.111111
14 0.784065 0.553496 0.0625 0.111111
6 0.973645 0.315116 0.117188 0.208333
37 0.139785 0.426869 0.041667 0.074074
37 0.318361 0.894834 0.041667 0.074074
37 0.310307 0.085989 0.041667 0.074074
36 0.943126 0.971134 0.028846 0.051282
36 0.882059 0.436846 0.028846 0.051282
36 0.565518 0.742321 0.028846 0.051282
36 0.987451 0.187771 0.028846 0.051282
36 0.946081 0.02562 0.028846 0.051282
36 0.975132 0.343304 0.028846 0.051282
36 0.549054 0.081639 0.028846 0.051282
36 0.305439 0.525756 0.028846 0.051282
36 0.941569 0.240536 0.028846 0.051282
36 0.775701 0.278773 0.028846 0.051282
36 0.995384 0.67026 0.028846 0.051282
36 0.207569 0.375359 0.028846 0.051282
36 0.18343 0.519218 0.028846 0.051282
36 0.989895 0.376356 0.028846 0.051282
36 0.832421 0.295754 0.028846 0.051282
36 0.898318 0.223358 0.028846 0.051282
36 0.771908 0.350181 0.028846 0.051282
36 0.654571 0.353647 0.028846 0.051282
36 0.799916 0.41523 0.028846 0.051282
36 0.798563 0.857869 0.028846 0.051282
36 0.816203 0.81223 0.028846 0.051282
36 0.806048 0.899873 0.028846 0.051282
36 0.64421 0.859537 0.028846 0.051282
36 0.799401 0.2424 0.028846 0.051282
36 0.85972 0.867857 0.028846 0.051282
36 0.866206 0.848403 0.028846 0.051282
36 0.710797 0.724613 0.028846 0.051282
36 0.848514 0.428624 0.028846 0.051282
36 0.255667 0.560479 0.028846 0.051282
36 0.25804 0.232473 0.028846 0.051282
36 0.541859 0.9249 0.028846 0.051282
36 0.861019 0.474041 0.028846 0.051282
36 0.71333 0.672114 0.028846 0.051282
36 0.808119 0.210711 0.028846 0.051282
36 0.693612 0.442728 0.028846 0.051282
36 0.314171 0.081172 0.028846 0.051282
36 0.362387 0.158827 0.028846 0.051282
36 0.286795 0.098078 0.028846 0.051282
36 0.643664 0.888928 0.028846 0.051282
36 0.37184 0.946449 0.028846 0.051282
36 0.796861 0.279382 0.028846 0.051282
