0 0.512402 0.49 0.078125 0.138889
13 0.407961 0.446621 0.0625 0.111111
18 0.194159 0.46639 0.117188 0.208333
14 0.749889 0.499341 0.0625 0.111111
25 0.839683 0.220144 0.072917 0.12963
14 0.168924 0.88851 0.0625 0.111111
14 0.025683 0.5279 0.0625 0.111111
1 0.477071 0.884743 0.052083 0.092593
1 0.842109 0.69309 0.052083 0.092593
1 0.867127 0.857942 0.052083 0.092593
1 0.855752 0.804026 0.052083 0.092593
1 0.858114 0.236817 0.052083 0.092593
38 0.848716 0.680793 0.052083 0.092593
37 0.301096 0.005222 0.041667 0.074074
37 0.557665 0.100854 0.041667 0.074074
36 0.580601 0.668537 0.028846 0.051282
36 0.900238 0.196711 0.028846 0.051282
36 0.342307 0.539527 0.028846 0.051282
36 0.540063 0.967746 0.028846 0.051282
36 0.66877 0.941781 0.028846 0.051282
36 0.028217 0.88155 0.028846 0.051282
36 0.65874 0.626159 0.028846 0.051282
36 0.746506 0.758906 0.028846 0.051282
36 0.748709 0.724235 0.028846 0.051282
36 0.819951 0.831528 0.028846 0.051282
36 0.321423 0.782796 0.028846 0.051282
36 0.812624 0.965281 0.028846 0.051282
36 0.206324 0.781032 0.028846 0.051282
36 0.08166 0.704892 0.028846 0.051282
36 0.836584 0.077813 0.028846 0.051282
36 0.399015 0.861295 0.028846 0.051282
36 0.08955 0.169678 0.028846 0.051282
36 0.453365 0.820666 0.028846 0.051282
36 0.018968 0.434578 0.028846 0.051282
36 0.545792 0.710114 0.028846 0.051282
36 0.200922 0.863022 0.028846 0.051282
36 0.822706 0.200905 0.028846 0.051282
36 0.76071 0.039129 0.028846 0.051282
36 0.81345 0.082204 0.028846 0.051282
