0 0.370686 0.49 0.078125 0.138889
15 0.99322 0.834778 0.078125 0.138889
17 0.207753 0.86768 0.0625 0.111111
15 0.492617 0.951074 0.078125 0.138889
17 0.207662 0.790698 0.0625 0.111111
17 0.187138 0.836713 0.0625 0.111111
38 0.105612 0.776099 0.052083 0.092593
37 0.309056 0.982362 0.041667 0.074074
37 0.972748 0.098255 0.041667 0.074074
37 0.788894 0.830373 0.041667 0.074074
37 0.996292 0.336366 0.041667 0.074074
39 0.468266 0.891715 0.05 0.088889
37 0.788871 0.774329 0.041667 0.074074
37 0.792238 0.148483 0.041667 0.074074
39 0.408716 0.362894 0.05 0.088889
36 0.41771 0.483269 0.028846 0.051282
36 0.505135 0.363813 0.028846 0.051282
36 0.568283 0.318539 0.028846 0.051282
36 0.590864 0.291156 0.028846 0.051282
36 0.617965 0.975043 0.028846 0.051282
36 0.409716 0.370894 0.028846 0.051282
