0 0.412428 0.49 0.078125 0.138889
15 0.616081 0.080892 0.078125 0.138889
14 0.454039 0.98924 0.0625 0.111111
16 0.094686 0.944548 0.078125 0.138889
35 0.780585 0.167316 0.083705 0.14881
38 0.105612 0.890895 0.052083 0.092593
37 0.972748 0.213051 0.041667 0.074074
37 0.682945 0.04064 0.041667 0.074074
37 0.788894 0.945169 0.041667 0.074074
37 0.996292 0.451161 0.041667 0.074074
37 0.788871 0.889125 0.041667 0.074074
36 0.795139 0.861043 0.028846 0.051282
36 0.707625 0.825592 0.028846 0.051282
36 0.809187 0.754782 0.028846 0.051282
36 0.223722 0.965453 0.028846 0.051282
36 0.178398 0.448766 0.028846 0.051282
36 0.192691 0.409946 0.028846 0.051282
