0 0.5 0.49 0.078125 0.138889
18 0.447102 0.162764 0.117188 0.208333
6 0.949838 0.268112 0.117188 0.208333
8 0.475672 0.7286 0.055804 0.099206
14 0.794812 0.161957 0.0625 0.111111
14 0.192898 0.441812 0.0625 0.111111
14 0.188193 0.770576 0.0625 0.111111
14 0.221977 0.46074 0.0625 0.111111
14 0.836791 0.062857 0.0625 0.111111
37 0.087771 0.397006 0.041667 0.074074
38 0.97555 0.122791 0.052083 0.092593
37 0.266347 0.864971 0.041667 0.074074
37 0.258293 0.056126 0.041667 0.074074
36 0.871254 0.984977 0.028846 0.051282
36 0.891112 0.941271 0.028846 0.051282
36 0.830044 0.406983 0.028846 0.051282
36 0.513503 0.712459 0.028846 0.051282
36 0.935437 0.157908 0.028846 0.051282
36 0.955221 0.104649 0.028846 0.051282
36 0.990464 0.162035 0.028846 0.051282
36 0.923117 0.313441 0.028846 0.051282
36 0.49704 0.051776 0.028846 0.051282
36 0.253425 0.495893 0.028846 0.051282
36 0.889555 0.210673 0.028846 0.051282
36 0.723687 0.24891 0.028846 0.051282
36 0.94337 0.640397 0.028846 0.051282
36 0.155554 0.345496 0.028846 0.051282
36 0.131416 0.489355 0.028846 0.051282
36 0.937881 0.346493 0.028846 0.051282
36 0.948735 0.282148 0.028846 0.051282
36 0.780406 0.265891 0.028846 0.051282
36 0.846304 0.193495 0.028846 0.051282
36 0.719894 0.320318 0.028846 0.051282
36 0.986867 0.582031 0.028846 0.051282
36 0.602557 0.323784 0.028846 0.051282
36 0.747902 0.385367 0.028846 0.051282
36 0.746549 0.828006 0.028846 0.051282
36 0.764189 0.782367 0.028846 0.051282
36 0.754034 0.87001 0.028846 0.051282
36 0.592195 0.829674 0.028846 0.051282
36 0.747387 0.212537 0.028846 0.051282
36 0.807706 0.837994 0.028846 0.051282
36 0.814192 0.81854 0.028846 0.051282
36 0.658783 0.69475 0.028846 0.051282
36 0.7965 0.398762 0.028846 0.051282
36 0.203653 0.530616 0.028846 0.051282
36 0.206025 0.20261 0.028846 0.051282
36 0.489845 0.895038 0.028846 0.051282
36 0.809005 0.444178 0.028846 0.051282
36 0.661316 0.642251 0.028846 0.051282
36 0.756105 0.180848 0.028846 0.051282
36 0.629484 0.403806 0.028846 0.051282
36 0.641598 0.412865 0.028846 0.051282
36 0.262157 0.051309 0.028846 0.051282
36 0.310373 0.128964 0.028846 0.051282
36 0.234781 0.068215 0.028846 0.051282
36 0.59165 0.859065 0.028846 0.051282
36 0.321243 0.918878 0.028846 0.051282
