0 0.5 0.49 0.078125 0.138889
1 0.600044 0.581562 0.052083 0.092593
1 0.661609 0.764685 0.052083 0.092593
25 0.354996 0.478613 0.072917 0.12963
25 0.653106 0.93129 0.072917 0.12963
37 0.007346 0.547328 0.041667 0.074074
38 0.895126 0.273113 0.052083 0.092593
36 0.661171 0.396858 0.028846 0.051282
36 0.518312 0.832623 0.028846 0.051282
36 0.661427 0.655298 0.028846 0.051282
36 0.670676 0.390539 0.028846 0.051282
36 0.636847 0.900907 0.028846 0.051282
36 0.725924 0.877313 0.028846 0.051282
36 0.773292 0.933129 0.028846 0.051282
36 0.682614 0.818903 0.028846 0.051282
36 0.65803 0.969039 0.028846 0.051282
36 0.590204 0.52296 0.028846 0.051282
36 0.51397 0.841089 0.028846 0.051282
36 0.701264 0.731314 0.028846 0.051282
36 0.74962 0.557306 0.028846 0.051282
36 0.433079 0.862781 0.028846 0.051282
36 0.528721 0.912447 0.028846 0.051282
36 0.855012 0.308231 0.028846 0.051282
36 0.625605 0.695377 0.028846 0.051282
36 0.874796 0.254971 0.028846 0.051282
36 0.813643 0.14608 0.028846 0.051282
36 0.910039 0.312357 0.028846 0.051282
36 0.098295 0.926944 0.028846 0.051282
36 0.340981 0.986872 0.028846 0.051282
36 0.585109 0.808401 0.028846 0.051282
36 0.842693 0.463763 0.028846 0.051282
36 0.217324 0.523393 0.028846 0.051282
36 0.416616 0.202098 0.028846 0.051282
36 0.197178 0.758361 0.028846 0.051282
36 0.318032 0.901768 0.028846 0.051282
36 0.173 0.646216 0.028846 0.051282
36 0.611992 0.79883 0.028846 0.051282
36 0.220687 0.782736 0.028846 0.051282
36 0.208238 0.455734 0.028846 0.051282
