0 0.5 0.658467 0.078125 0.138889
14 0.27857 0.414862 0.0625 0.111111
14 0.287401 0.173317 0.0625 0.111111
25 0.824108 0.35548 0.072917 0.12963
25 0.618827 0.590293 0.072917 0.12963
8 0.357964 0.564162 0.055804 0.099206
8 0.35671 0.637214 0.055804 0.099206
1 0.860922 0.318127 0.052083 0.092593
1 0.109119 0.500107 0.052083 0.092593
14 0.916048 0.067033 0.0625 0.111111
36 0.836181 0.534647 0.028846 0.051282
36 0.563664 0.231971 0.028846 0.051282
36 0.644227 0.637694 0.028846 0.051282
36 0.706778 0.054646 0.028846 0.051282
36 0.489043 0.409261 0.028846 0.051282
36 0.355846 0.592065 0.028846 0.051282
