0 0.284827 0.525764 0.078125 0.138889
25 0.337091 0.120884 0.072917 0.12963
1 0.807592 0.246971 0.052083 0.092593
14 0.839035 0.692955 0.0625 0.111111
1 0.862456 0.32946 0.052083 0.092593
1 0.869479 0.445543 0.052083 0.092593
1 0.874651 0.264361 0.052083 0.092593
7 0.613802 0.175979 0.052083 0.092593
14 0.451581 0.316381 0.0625 0.111111
1 0.12058 0.177041 0.052083 0.092593
1 0.106661 0.129422 0.052083 0.092593
38 0.553337 0.219791 0.052083 0.092593
36 0.245978 0.588522 0.028846 0.051282
36 0.835437 0.78076 0.028846 0.051282
36 0.913172 0.597885 0.028846 0.051282
36 0.915375 0.563214 0.028846 0.051282
36 0.986618 0.670507 0.028846 0.051282
36 0.97929 0.80426 0.028846 0.051282
36 0.256217 0.008657 0.028846 0.051282
36 0.077276 0.696548 0.028846 0.051282
36 0.185634 0.273557 0.028846 0.051282
36 0.989373 0.039884 0.028846 0.051282
36 0.523906 0.263715 0.028846 0.051282
36 0.88754 0.819591 0.028846 0.051282
36 0.969758 0.62614 0.028846 0.051282
36 0.144848 0.294137 0.028846 0.051282
36 0.330423 0.32227 0.028846 0.051282
36 0.183826 0.000456 0.028846 0.051282
36 0.319167 0.064474 0.028846 0.051282
36 0.334509 0.278821 0.028846 0.051282
36 0.361443 0.225604 0.028846 0.051282
36 0.343204 0.235166 0.028846 0.051282
36 0.82676 0.048396 0.028846 0.051282
36 0.7728 0.809413 0.028846 0.051282
