0 0.5 0.49 0.078125 0.138889
3 0.637609 0.318092 0.052083 0.092593
3 0.333629 0.476049 0.052083 0.092593
3 0.628389 0.556789 0.052083 0.092593
1 0.481651 0.210398 0.052083 0.092593
1 0.455702 0.194452 0.052083 0.092593
1 0.41289 0.130452 0.052083 0.092593
1 0.449675 0.048165 0.052083 0.092593
1 0.481339 0.068883 0.052083 0.092593
1 0.507434 0.246702 0.052083 0.092593
14 0.524806 0.657639 0.0625 0.111111
36 0.774674 0.57776 0.028846 0.051282
36 0.691871 0.292704 0.028846 0.051282
36 0.724937 0.163392 0.028846 0.051282
36 0.596492 0.317028 0.028846 0.051282
36 0.526065 0.436722 0.028846 0.051282
