0 0.563904 0.49 0.078125 0.138889
25 0.34442 0.576451 0.072917 0.12963
25 0.623198 0.779541 0.072917 0.12963
14 0.691956 0.847834 0.0625 0.111111
14 0.31473 0.966703 0.0625 0.111111
14 0.260272 0.96035 0.0625 0.111111
14 0.28102 0.263754 0.0625 0.111111
14 0.830647 0.274095 0.0625 0.111111
38 0.860898 0.270349 0.052083 0.092593
36 0.597677 0.441455 0.028846 0.051282
36 0.484084 0.829859 0.028846 0.051282
36 0.589781 0.57718 0.028846 0.051282
36 0.614548 0.420593 0.028846 0.051282
36 0.602619 0.898143 0.028846 0.051282
36 0.691696 0.874548 0.028846 0.051282
36 0.739064 0.930364 0.028846 0.051282
36 0.648386 0.816139 0.028846 0.051282
36 0.623802 0.966274 0.028846 0.051282
36 0.479742 0.838325 0.028846 0.051282
36 0.667036 0.728549 0.028846 0.051282
36 0.715392 0.554542 0.028846 0.051282
36 0.398851 0.860017 0.028846 0.051282
36 0.494493 0.909683 0.028846 0.051282
36 0.820784 0.305467 0.028846 0.051282
36 0.564157 0.557469 0.028846 0.051282
36 0.840568 0.252207 0.028846 0.051282
36 0.779415 0.143316 0.028846 0.051282
36 0.875811 0.309593 0.028846 0.051282
36 0.064067 0.92418 0.028846 0.051282
36 0.306753 0.984108 0.028846 0.051282
36 0.550881 0.805637 0.028846 0.051282
36 0.808465 0.460999 0.028846 0.051282
36 0.183096 0.520628 0.028846 0.051282
36 0.382388 0.199334 0.028846 0.051282
36 0.16295 0.755597 0.028846 0.051282
36 0.283804 0.899004 0.028846 0.051282
36 0.138772 0.643451 0.028846 0.051282
36 0.577764 0.796066 0.028846 0.051282
36 0.186459 0.779972 0.028846 0.051282
36 0.169855 0.463185 0.028846 0.051282
36 0.563177 0.761633 0.028846 0.051282
36 0.603328 0.380555 0.028846 0.051282
36 0.450196 0.941627 0.028846 0.051282
