0 0.449956 0.49 0.078125 0.138889
25 0.385238 0.820378 0.072917 0.12963
25 0.266209 0.664368 0.072917 0.12963
14 0.145766 0.373584 0.0625 0.111111
14 0.246321 0.216962 0.0625 0.111111
14 0.317757 0.717108 0.0625 0.111111
14 0.172266 0.624346 0.0625 0.111111
36 0.923269 0.65163 0.028846 0.051282
36 0.650751 0.348953 0.028846 0.051282
36 0.419245 0.056595 0.028846 0.051282
36 0.793866 0.171629 0.028846 0.051282
36 0.781394 0.598895 0.028846 0.051282
36 0.769285 0.417237 0.028846 0.051282
36 0.836323 0.594163 0.028846 0.051282
36 0.858363 0.393643 0.028846 0.051282
36 0.90573 0.449459 0.028846 0.051282
36 0.815053 0.335233 0.028846 0.051282
36 0.847825 0.579738 0.028846 0.051282
36 0.464612 0.11657 0.028846 0.051282
36 0.422656 0.058415 0.028846 0.051282
36 0.391635 0.068934 0.028846 0.051282
36 0.301222 0.020816 0.028846 0.051282
36 0.790469 0.485369 0.028846 0.051282
36 0.231903 0.213431 0.028846 0.051282
36 0.45413 0.151176 0.028846 0.051282
36 0.277999 0.081131 0.028846 0.051282
36 0.519714 0.229961 0.028846 0.051282
36 0.517091 0.021222 0.028846 0.051282
36 0.240533 0.454802 0.028846 0.051282
36 0.736132 0.041294 0.028846 0.051282
36 0.943126 0.607924 0.028846 0.051282
36 0.646409 0.357419 0.028846 0.051282
36 0.663242 0.060611 0.028846 0.051282
36 0.378879 0.749556 0.028846 0.051282
36 0.82783 0.240639 0.028846 0.051282
