0 0.419869 0.49 0.078125 0.138889
14 0.718678 0.838284 0.0625 0.111111
18 0.288586 0.397496 0.117188 0.208333
6 0.792565 0.25046 0.117188 0.208333
6 0.391272 0.94953 0.117188 0.208333
25 0.327172 0.313237 0.072917 0.12963
25 0.24791 0.452472 0.072917 0.12963
14 0.252162 0.754177 0.0625 0.111111
14 0.796498 0.454723 0.0625 0.111111
37 0.139785 0.253319 0.041667 0.074074
36 0.923269 0.84129 0.028846 0.051282
36 0.943126 0.797584 0.028846 0.051282
36 0.882059 0.263296 0.028846 0.051282
36 0.565518 0.568771 0.028846 0.051282
36 0.987451 0.014221 0.028846 0.051282
36 0.975132 0.169754 0.028846 0.051282
36 0.349763 0.229383 0.028846 0.051282
36 0.305439 0.352206 0.028846 0.051282
36 0.336522 0.171939 0.028846 0.051282
36 0.51603 0.280651 0.028846 0.051282
36 0.506819 0.280202 0.028846 0.051282
36 0.50774 0.294931 0.028846 0.051282
36 0.536949 0.047382 0.028846 0.051282
36 0.941569 0.066986 0.028846 0.051282
36 0.581632 0.470089 0.028846 0.051282
36 0.775701 0.105223 0.028846 0.051282
36 0.995384 0.49671 0.028846 0.051282
36 0.207569 0.201808 0.028846 0.051282
36 0.18343 0.345668 0.028846 0.051282
36 0.989895 0.202806 0.028846 0.051282
36 0.832421 0.122204 0.028846 0.051282
36 0.898318 0.049808 0.028846 0.051282
36 0.771908 0.176631 0.028846 0.051282
36 0.654571 0.180097 0.028846 0.051282
36 0.799916 0.24168 0.028846 0.051282
36 0.636529 0.227675 0.028846 0.051282
36 0.798563 0.684319 0.028846 0.051282
36 0.816203 0.63868 0.028846 0.051282
36 0.806048 0.726323 0.028846 0.051282
36 0.64421 0.685987 0.028846 0.051282
36 0.169574 0.866038 0.028846 0.051282
36 0.196678 0.894423 0.028846 0.051282
36 0.799401 0.06885 0.028846 0.051282
36 0.85972 0.694307 0.028846 0.051282
36 0.866206 0.674853 0.028846 0.051282
36 0.710797 0.551063 0.028846 0.051282
36 0.848514 0.255074 0.028846 0.051282
36 0.255667 0.386929 0.028846 0.051282
36 0.25804 0.058923 0.028846 0.051282
36 0.243204 0.999792 0.028846 0.051282
36 0.556318 0.382301 0.028846 0.051282
36 0.541233 0.750147 0.028846 0.051282
36 0.861019 0.300491 0.028846 0.051282
