0 0.180997 0.49 0.078125 0.138889
25 0.773853 0.058829 0.072917 0.12963
25 0.899218 0.144768 0.072917 0.12963
25 0.159019 0.109593 0.072917 0.12963
1 0.902214 0.760656 0.052083 0.092593
37 0.467763 0.095666 0.041667 0.074074
37 0.724332 0.191298 0.041667 0.074074
36 0.632821 0.385569 0.028846 0.051282
36 0.758339 0.235318 0.028846 0.051282
36 0.597588 0.50781 0.028846 0.051282
36 0.422804 0.181856 0.028846 0.051282
36 0.396548 0.198657 0.028846 0.051282
36 0.413303 0.189551 0.028846 0.051282
36 0.132132 0.942787 0.028846 0.051282
36 0.608139 0.313301 0.028846 0.051282
36 0.623285 0.265074 0.028846 0.051282
36 0.482936 0.217063 0.028846 0.051282
36 0.713294 0.202538 0.028846 0.051282
36 0.718541 0.221136 0.028846 0.051282
36 0.742051 0.192875 0.028846 0.051282
36 0.752415 0.771788 0.028846 0.051282
36 0.39821 0.046003 0.028846 0.051282
36 0.48945 0.234902 0.028846 0.051282
36 0.508973 0.629971 0.028846 0.051282
36 0.350557 0.508196 0.028846 0.051282
36 0.293029 0.502867 0.028846 0.051282
36 0.675478 0.367807 0.028846 0.051282
36 0.175992 0.35651 0.028846 0.051282
36 0.11237 0.828488 0.028846 0.051282
36 0.194883 0.971994 0.028846 0.051282
