0 0.5 0.49 0.078125 0.138889
14 0.749959 0.69136 0.0625 0.111111
14 0.445276 0.831595 0.0625 0.111111
8 0.264439 0.527117 0.055804 0.099206
1 0.837134 0.511096 0.052083 0.092593
1 0.245043 0.681183 0.052083 0.092593
1 0.384313 0.959389 0.052083 0.092593
1 0.243781 0.723417 0.052083 0.092593
1 0.881483 0.773213 0.052083 0.092593
25 0.48232 0.270268 0.072917 0.12963
25 0.804167 0.969057 0.072917 0.12963
14 0.530195 0.745045 0.0625 0.111111
14 0.608298 0.493299 0.0625 0.111111
37 0.115091 0.444393 0.041667 0.074074
36 0.768916 0.293923 0.028846 0.051282
36 0.617604 0.309991 0.028846 0.051282
36 0.626057 0.729688 0.028846 0.051282
36 0.769172 0.552363 0.028846 0.051282
36 0.778421 0.287604 0.028846 0.051282
36 0.7567 0.979629 0.028846 0.051282
36 0.744592 0.797972 0.028846 0.051282
36 0.811629 0.974898 0.028846 0.051282
36 0.833669 0.774377 0.028846 0.051282
36 0.881037 0.830193 0.028846 0.051282
36 0.790359 0.715968 0.028846 0.051282
36 0.823131 0.960472 0.028846 0.051282
36 0.765775 0.866103 0.028846 0.051282
36 0.711438 0.422028 0.028846 0.051282
36 0.918433 0.988659 0.028846 0.051282
36 0.621715 0.738154 0.028846 0.051282
36 0.638549 0.441345 0.028846 0.051282
36 0.809009 0.628378 0.028846 0.051282
36 0.857365 0.454371 0.028846 0.051282
36 0.540824 0.759846 0.028846 0.051282
36 0.636465 0.809512 0.028846 0.051282
36 0.962757 0.205296 0.028846 0.051282
36 0.73335 0.592442 0.028846 0.051282
36 0.64941 0.909056 0.028846 0.051282
36 0.982541 0.152036 0.028846 0.051282
36 0.921388 0.043145 0.028846 0.051282
36 0.20604 0.824009 0.028846 0.051282
36 0.448726 0.883937 0.028846 0.051282
36 0.692854 0.705466 0.028846 0.051282
36 0.626735 0.382714 0.028846 0.051282
36 0.950438 0.360828 0.028846 0.051282
36 0.325069 0.420457 0.028846 0.051282
36 0.629687 0.417381 0.028846 0.051282
36 0.521226 0.10432 0.028846 0.051282
36 0.304923 0.655426 0.028846 0.051282
