0 0.221447 0.49 0.078125 0.138889
4 0.336822 0.725979 0.052083 0.092593
4 0.335287 0.553416 0.052083 0.092593
4 0.274555 0.788769 0.052083 0.092593
1 0.408184 0.595647 0.052083 0.092593
1 0.338305 0.669431 0.052083 0.092593
1 0.610531 0.860021 0.052083 0.092593
1 0.586904 0.625232 0.052083 0.092593
1 0.609336 0.552031 0.052083 0.092593
4 0.313469 0.336499 0.052083 0.092593
4 0.062709 0.554177 0.052083 0.092593
1 0.597995 0.127327 0.052083 0.092593
1 0.339167 0.167551 0.052083 0.092593
1 0.167571 0.487344 0.052083 0.092593
37 0.3309 0.591678 0.041667 0.074074
36 0.41011 0.980937 0.028846 0.051282
36 0.450772 0.925591 0.028846 0.051282
36 0.434328 0.920757 0.028846 0.051282
36 0.349747 0.875542 0.028846 0.051282
36 0.554706 0.64628 0.028846 0.051282
36 0.371654 0.717043 0.028846 0.051282
36 0.384245 0.812062 0.028846 0.051282
