0 0.325351 0.49 0.078125 0.138889
18 0.529018 0.879276 0.117188 0.208333
15 0.912116 0.240467 0.078125 0.138889
38 0.105612 0.786425 0.052083 0.092593
37 0.309056 0.992689 0.041667 0.074074
37 0.972748 0.108581 0.041667 0.074074
37 0.788894 0.840699 0.041667 0.074074
37 0.996292 0.346692 0.041667 0.074074
36 0.773336 0.381271 0.028846 0.051282
36 0.717432 0.390047 0.028846 0.051282
36 0.833302 0.373522 0.028846 0.051282
36 0.134117 0.340323 0.028846 0.051282
36 0.605814 0.919619 0.028846 0.051282
