0 0.452687 0.49 0.078125 0.138889
14 0.853107 0.91097 0.0625 0.111111
18 0.219527 0.67829 0.117188 0.208333
6 0.957215 0.356075 0.117188 0.208333
1 0.173101 0.277532 0.052083 0.092593
1 0.791235 0.254802 0.052083 0.092593
37 0.139785 0.62192 0.041667 0.074074
37 0.310307 0.28104 0.041667 0.074074
36 0.882059 0.631897 0.028846 0.051282
36 0.565518 0.937372 0.028846 0.051282
36 0.987451 0.382822 0.028846 0.051282
36 0.946081 0.220671 0.028846 0.051282
36 0.975132 0.538355 0.028846 0.051282
36 0.549054 0.27669 0.028846 0.051282
36 0.305439 0.720807 0.028846 0.051282
36 0.941569 0.435587 0.028846 0.051282
36 0.581632 0.83869 0.028846 0.051282
36 0.775701 0.473824 0.028846 0.051282
36 0.995384 0.865311 0.028846 0.051282
36 0.207569 0.570409 0.028846 0.051282
36 0.18343 0.714269 0.028846 0.051282
36 0.989895 0.571407 0.028846 0.051282
36 0.832421 0.490805 0.028846 0.051282
36 0.898318 0.418409 0.028846 0.051282
36 0.771908 0.545232 0.028846 0.051282
36 0.654571 0.548698 0.028846 0.051282
36 0.799916 0.610281 0.028846 0.051282
36 0.636529 0.596276 0.028846 0.051282
36 0.799401 0.437451 0.028846 0.051282
36 0.710797 0.919664 0.028846 0.051282
36 0.848514 0.623675 0.028846 0.051282
36 0.255667 0.75553 0.028846 0.051282
36 0.25804 0.427524 0.028846 0.051282
36 0.861019 0.669092 0.028846 0.051282
36 0.71333 0.867165 0.028846 0.051282
36 0.808119 0.405762 0.028846 0.051282
36 0.681498 0.62872 0.028846 0.051282
36 0.65394 0.677379 0.028846 0.051282
36 0.693612 0.637779 0.028846 0.051282
36 0.314171 0.276223 0.028846 0.051282
36 0.362387 0.353878 0.028846 0.051282
36 0.286795 0.293129 0.028846 0.051282
