0 0.778393 0.600789 0.078125 0.138889
1 0.11902 0.715651 0.052083 0.092593
1 0.064726 0.111476 0.052083 0.092593
14 0.093804 0.515742 0.0625 0.111111
1 0.025816 0.583457 0.052083 0.092593
1 0.004372 0.691655 0.052083 0.092593
38 0.848716 0.519772 0.052083 0.092593
36 0.466154 0.134104 0.028846 0.051282
36 0.079239 0.840252 0.028846 0.051282
36 0.157081 0.841269 0.028846 0.051282
36 0.452903 0.82213 0.028846 0.051282
36 0.837039 0.603878 0.028846 0.051282
36 0.470692 0.665486 0.028846 0.051282
36 0.121903 0.429793 0.028846 0.051282
36 0.107841 0.424935 0.028846 0.051282
36 0.165093 0.732826 0.028846 0.051282
36 0.074912 0.746949 0.028846 0.051282
36 0.503101 0.59612 0.028846 0.051282
36 0.389559 0.480785 0.028846 0.051282
36 0.560122 0.698086 0.028846 0.051282
36 0.106439 0.663389 0.028846 0.051282
36 0.066264 0.821834 0.028846 0.051282
36 0.134158 0.748801 0.028846 0.051282
36 0.556355 0.402906 0.028846 0.051282
36 0.430921 0.256345 0.028846 0.051282
36 0.533506 0.361458 0.028846 0.051282
36 0.026314 0.675116 0.028846 0.051282
36 0.120244 0.380889 0.028846 0.051282
36 0.129847 0.383562 0.028846 0.051282
36 0.126445 0.33648 0.028846 0.051282
36 0.116975 0.622394 0.028846 0.051282
36 0.441473 0.061836 0.028846 0.051282
36 0.011879 0.401323 0.028846 0.051282
36 0.081057 0.380321 0.028846 0.051282
36 0.083918 0.397696 0.028846 0.051282
36 0.077631 0.388074 0.028846 0.051282
36 0.356109 0.675288 0.028846 0.051282
36 0.456618 0.013609 0.028846 0.051282
36 0.28217 0.73769 0.028846 0.051282
36 0.2059 0.607622 0.028846 0.051282
36 0.235988 0.880842 0.028846 0.051282
36 0.550399 0.593257 0.028846 0.051282
