0 0.548146 0.635228 0.078125 0.138889
25 0.715754 0.139271 0.072917 0.12963
25 0.135223 0.495684 0.072917 0.12963
14 0.044006 0.385735 0.0625 0.111111
18 0.377684 0.183714 0.117188 0.208333
38 0.848716 0.519772 0.052083 0.092593
38 0.386671 0.219791 0.052083 0.092593
37 0.565803 0.494998 0.041667 0.074074
36 0.900238 0.03569 0.028846 0.051282
36 0.66877 0.78076 0.028846 0.051282
36 0.028217 0.720529 0.028846 0.051282
36 0.65874 0.465138 0.028846 0.051282
36 0.746506 0.597885 0.028846 0.051282
36 0.748709 0.563214 0.028846 0.051282
36 0.819951 0.670507 0.028846 0.051282
36 0.321423 0.621775 0.028846 0.051282
36 0.812624 0.80426 0.028846 0.051282
36 0.206324 0.620011 0.028846 0.051282
36 0.08166 0.543871 0.028846 0.051282
36 0.08955 0.008657 0.028846 0.051282
36 0.018968 0.273557 0.028846 0.051282
36 0.200922 0.702001 0.028846 0.051282
36 0.822706 0.039884 0.028846 0.051282
36 0.35724 0.263715 0.028846 0.051282
36 0.720873 0.819591 0.028846 0.051282
36 0.803091 0.62614 0.028846 0.051282
36 0.835423 0.541875 0.028846 0.051282
36 0.873659 0.559531 0.028846 0.051282
36 0.574903 0.773817 0.028846 0.051282
