0 0.18258 0.49 0.078125 0.138889
1 0.432811 0.070805 0.052083 0.092593
14 0.956414 0.244708 0.0625 0.111111
36 0.995261 0.818815 0.028846 0.051282
36 0.632821 0.358263 0.028846 0.051282
36 0.987355 0.186813 0.028846 0.051282
36 0.512802 0.146286 0.028846 0.051282
36 0.14469 0.160772 0.028846 0.051282
36 0.960112 0.547202 0.028846 0.051282
36 0.99856 0.565598 0.028846 0.051282
36 0.167197 0.395985 0.028846 0.051282
36 0.974974 0.086207 0.028846 0.051282
36 0.292907 0.253157 0.028846 0.051282
36 0.251179 0.259517 0.028846 0.051282
36 0.191978 0.328017 0.028846 0.051282
36 0.199539 0.100302 0.028846 0.051282
36 0.091777 0.218625 0.028846 0.051282
36 0.827283 0.131215 0.028846 0.051282
36 0.888343 0.814702 0.028846 0.051282
36 0.744539 0.162805 0.028846 0.051282
36 0.318936 0.450509 0.028846 0.051282
36 0.965258 0.544747 0.028846 0.051282
36 0.102294 0.99806 0.028846 0.051282
