0 0.767464 0.49 0.078125 0.138889
5 0.741088 0.196262 0.0625 0.111111
18 0.584008 0.264015 0.117188 0.208333
18 0.284147 0.299973 0.117188 0.208333
14 0.065154 0.837294 0.0625 0.111111
38 0.848716 0.569865 0.052083 0.092593
38 0.386671 0.269885 0.052083 0.092593
37 0.025542 0.254153 0.041667 0.074074
37 0.814472 0.216603 0.041667 0.074074
37 0.112934 0.810717 0.041667 0.074074
36 0.900238 0.085784 0.028846 0.051282
36 0.335761 0.189144 0.028846 0.051282
36 0.911146 0.301167 0.028846 0.051282
36 0.623921 0.335046 0.028846 0.051282
36 0.64787 0.327931 0.028846 0.051282
36 0.599412 0.302882 0.028846 0.051282
36 0.794083 0.423078 0.028846 0.051282
36 0.230995 0.157361 0.028846 0.051282
36 0.468643 0.259139 0.028846 0.051282
36 0.608422 0.103543 0.028846 0.051282
36 0.560869 0.938037 0.028846 0.051282
36 0.71473 0.048386 0.028846 0.051282
36 0.025208 0.190615 0.028846 0.051282
36 0.125012 0.504707 0.028846 0.051282
36 0.909021 0.517825 0.028846 0.051282
36 0.870221 0.403836 0.028846 0.051282
36 0.052771 0.525567 0.028846 0.051282
36 0.058755 0.431535 0.028846 0.051282
36 0.033249 0.372248 0.028846 0.051282
36 0.099336 0.256026 0.028846 0.051282
36 0.414981 0.247144 0.028846 0.051282
36 0.029174 0.439136 0.028846 0.051282
36 0.80272 0.602812 0.028846 0.051282
36 0.90802 0.13685 0.028846 0.051282
36 0.905197 0.578974 0.028846 0.051282
36 0.529242 0.03415 0.028846 0.051282
36 0.517962 0.016331 0.028846 0.051282
36 0.497483 0.046759 0.028846 0.051282
36 0.155008 0.146094 0.028846 0.051282
