0 0.342344 0.49 0.078125 0.138889
6 0.768345 0.756437 0.117188 0.208333
18 0.477341 0.306543 0.117188 0.208333
6 0.756098 0.484944 0.117188 0.208333
6 0.527899 0.33707 0.117188 0.208333
25 0.602784 0.390687 0.072917 0.12963
25 0.184868 0.322499 0.072917 0.12963
1 0.823989 0.529515 0.052083 0.092593
14 0.449573 0.70401 0.0625 0.111111
14 0.265495 0.626761 0.0625 0.111111
14 0.711394 0.893761 0.0625 0.111111
37 0.139785 0.286419 0.041667 0.074074
37 0.318361 0.754384 0.041667 0.074074
36 0.923269 0.87439 0.028846 0.051282
36 0.943126 0.830685 0.028846 0.051282
36 0.882059 0.296397 0.028846 0.051282
36 0.987451 0.047322 0.028846 0.051282
36 0.975132 0.202854 0.028846 0.051282
36 0.941569 0.100086 0.028846 0.051282
36 0.775701 0.138324 0.028846 0.051282
36 0.995384 0.529811 0.028846 0.051282
36 0.207569 0.234909 0.028846 0.051282
36 0.18343 0.378769 0.028846 0.051282
36 0.989895 0.235907 0.028846 0.051282
36 0.832421 0.155305 0.028846 0.051282
36 0.898318 0.082909 0.028846 0.051282
36 0.771908 0.209732 0.028846 0.051282
36 0.654571 0.213197 0.028846 0.051282
36 0.799916 0.274781 0.028846 0.051282
36 0.798563 0.71742 0.028846 0.051282
36 0.816203 0.671781 0.028846 0.051282
36 0.806048 0.759424 0.028846 0.051282
36 0.64421 0.719087 0.028846 0.051282
36 0.169574 0.899139 0.028846 0.051282
36 0.196678 0.927524 0.028846 0.051282
36 0.799401 0.101951 0.028846 0.051282
36 0.85972 0.727408 0.028846 0.051282
36 0.866206 0.707954 0.028846 0.051282
36 0.710797 0.584163 0.028846 0.051282
36 0.848514 0.288175 0.028846 0.051282
36 0.25804 0.092024 0.028846 0.051282
36 0.541859 0.784451 0.028846 0.051282
36 0.861019 0.333592 0.028846 0.051282
36 0.71333 0.531665 0.028846 0.051282
36 0.808119 0.070261 0.028846 0.051282
36 0.693612 0.302279 0.028846 0.051282
36 0.362387 0.018378 0.028846 0.051282
36 0.643664 0.748478 0.028846 0.051282
36 0.37184 0.806 0.028846 0.051282
36 0.796861 0.138933 0.028846 0.051282
36 0.373467 0.219231 0.028846 0.051282
36 0.533572 0.733005 0.028846 0.051282
