0 0.572967 0.49 0.078125 0.138889
14 0.37027 0.72491 0.0625 0.111111
38 0.860898 0.187839 0.052083 0.092593
36 0.484084 0.747349 0.028846 0.051282
36 0.614727 0.99729 0.028846 0.051282
36 0.602619 0.815633 0.028846 0.051282
36 0.669656 0.992558 0.028846 0.051282
36 0.691696 0.792038 0.028846 0.051282
36 0.739064 0.847854 0.028846 0.051282
36 0.648386 0.733628 0.028846 0.051282
36 0.681158 0.978133 0.028846 0.051282
36 0.623802 0.883764 0.028846 0.051282
36 0.479742 0.755815 0.028846 0.051282
36 0.667036 0.646039 0.028846 0.051282
36 0.715392 0.472031 0.028846 0.051282
36 0.398851 0.777506 0.028846 0.051282
36 0.494493 0.827173 0.028846 0.051282
36 0.820784 0.222956 0.028846 0.051282
36 0.507437 0.926717 0.028846 0.051282
36 0.840568 0.169696 0.028846 0.051282
36 0.779415 0.060806 0.028846 0.051282
36 0.875811 0.227083 0.028846 0.051282
36 0.064067 0.841669 0.028846 0.051282
36 0.306753 0.901597 0.028846 0.051282
36 0.550881 0.723127 0.028846 0.051282
36 0.808465 0.378489 0.028846 0.051282
36 0.183096 0.438118 0.028846 0.051282
36 0.382388 0.116824 0.028846 0.051282
36 0.16295 0.673087 0.028846 0.051282
36 0.283804 0.816493 0.028846 0.051282
36 0.138772 0.560941 0.028846 0.051282
36 0.577764 0.713556 0.028846 0.051282
36 0.186459 0.697462 0.028846 0.051282
36 0.169855 0.380674 0.028846 0.051282
36 0.447922 0.842297 0.028846 0.051282
36 0.349363 0.489386 0.028846 0.051282
36 0.340152 0.488937 0.028846 0.051282
36 0.341073 0.503666 0.028846 0.051282
36 0.639153 0.684513 0.028846 0.051282
36 0.370282 0.256117 0.028846 0.051282
36 0.767615 0.281899 0.028846 0.051282
36 0.667232 0.609045 0.028846 0.051282
36 0.664038 0.620047 0.028846 0.051282
36 0.665791 0.614547 0.028846 0.051282
