0 0.366136 0.700335 0.078125 0.138889
25 0.346257 0.012826 0.072917 0.12963
18 0.374957 0.128762 0.117188 0.208333
1 0.924199 0.16095 0.052083 0.092593
14 0.954876 0.706392 0.0625 0.111111
14 0.748905 0.722615 0.0625 0.111111
14 0.164321 0.38028 0.0625 0.111111
1 0.989118 0.262085 0.052083 0.092593
1 0.989651 0.405271 0.052083 0.092593
38 0.553337 0.219791 0.052083 0.092593
36 0.102294 0.773901 0.028846 0.051282
36 0.132132 0.691322 0.028846 0.051282
36 0.11237 0.577023 0.028846 0.051282
36 0.835437 0.78076 0.028846 0.051282
36 0.194883 0.720529 0.028846 0.051282
36 0.913172 0.597885 0.028846 0.051282
36 0.915375 0.563214 0.028846 0.051282
36 0.986618 0.670507 0.028846 0.051282
36 0.97929 0.80426 0.028846 0.051282
36 0.248327 0.543871 0.028846 0.051282
36 0.256217 0.008657 0.028846 0.051282
36 0.077276 0.696548 0.028846 0.051282
36 0.185634 0.273557 0.028846 0.051282
36 0.989373 0.039884 0.028846 0.051282
36 0.523906 0.263715 0.028846 0.051282
36 0.88754 0.819591 0.028846 0.051282
36 0.969758 0.62614 0.028846 0.051282
36 0.144848 0.294137 0.028846 0.051282
36 0.295792 0.474105 0.028846 0.051282
36 0.321209 0.532038 0.028846 0.051282
36 0.332081 0.315139 0.028846 0.051282
36 0.183826 0.000456 0.028846 0.051282
36 0.15821 0.648991 0.028846 0.051282
