0 0.467554 0.508216 0.078125 0.138889
4 0.296983 0.255656 0.052083 0.092593
8 0.079713 0.387937 0.055804 0.099206
1 0.399064 0.456923 0.052083 0.092593
1 0.445352 0.444352 0.052083 0.092593
4 0.083033 0.658742 0.052083 0.092593
4 0.191517 0.724506 0.052083 0.092593
4 0.201283 0.306833 0.052083 0.092593
1 0.179383 0.026799 0.052083 0.092593
1 0.231237 0.235938 0.052083 0.092593
1 0.758044 0.584378 0.052083 0.092593
2 0.386912 0.390957 0.052083 0.092593
2 0.410964 0.421957 0.052083 0.092593
2 0.416359 0.35069 0.052083 0.092593
2 0.418771 0.388448 0.052083 0.092593
38 0.472459 0.279658 0.052083 0.092593
36 0.436178 0.194351 0.028846 0.051282
36 0.472444 0.327864 0.028846 0.051282
36 0.479391 0.310272 0.028846 0.051282
36 0.429463 0.17535 0.028846 0.051282
36 0.151575 0.310918 0.028846 0.051282
