0 0.437032 0.34492 0.078125 0.138889
18 0.54975 0.911128 0.117188 0.208333
14 0.518323 0.946067 0.0625 0.111111
1 0.882401 0.305043 0.052083 0.092593
14 0.95004 0.467505 0.0625 0.111111
19 0.894606 0.368812 0.078125 0.138889
5 0.493985 0.986465 0.0625 0.111111
14 0.158632 0.469333 0.0625 0.111111
1 0.131633 0.891633 0.052083 0.092593
1 0.109038 0.878368 0.052083 0.092593
37 0.26093 0.33447 0.041667 0.074074
37 0.467763 0.53309 0.041667 0.074074
37 0.724332 0.628722 0.041667 0.074074
37 0.769116 0.381532 0.041667 0.074074
37 0.924825 0.462702 0.041667 0.074074
38 0.553337 0.90868 0.052083 0.092593
37 0.212523 0.577017 0.041667 0.074074
37 0.487788 0.505486 0.041667 0.074074
37 0.192209 0.892949 0.041667 0.074074
36 0.096276 0.267253 0.028846 0.051282
36 0.418529 0.28516 0.028846 0.051282
36 0.286173 0.265726 0.028846 0.051282
36 0.092466 0.508289 0.028846 0.051282
36 0.222509 0.310031 0.028846 0.051282
36 0.185634 0.962446 0.028846 0.051282
36 0.250306 0.254734 0.028846 0.051282
36 0.212191 0.492206 0.028846 0.051282
36 0.122531 0.529146 0.028846 0.051282
36 0.240843 0.537536 0.028846 0.051282
36 0.188904 0.575989 0.028846 0.051282
36 0.190868 0.605374 0.028846 0.051282
36 0.090906 0.426617 0.028846 0.051282
36 0.188052 0.608856 0.028846 0.051282
36 0.144848 0.983026 0.028846 0.051282
36 0.294756 0.477536 0.028846 0.051282
36 0.183826 0.689344 0.028846 0.051282
36 0.102774 0.837117 0.028846 0.051282
36 0.194189 0.85567 0.028846 0.051282
36 0.194496 0.874541 0.028846 0.051282
36 0.231436 0.879116 0.028846 0.051282
36 0.180082 0.67779 0.028846 0.051282
36 0.502428 0.827939 0.028846 0.051282
36 0.263654 0.901994 0.028846 0.051282
36 0.299714 0.718465 0.028846 0.051282
36 0.143329 0.913319 0.028846 0.051282
36 0.790587 0.973842 0.028846 0.051282
36 0.814537 0.966726 0.028846 0.051282
36 0.766078 0.941678 0.028846 0.051282
36 0.271417 0.279117 0.028846 0.051282
