0 0.368204 0.49 0.078125 0.138889
6 0.817114 0.492466 0.117188 0.208333
25 0.479934 0.318171 0.072917 0.12963
3 0.565091 0.065872 0.052083 0.092593
14 0.885804 0.018161 0.0625 0.111111
18 0.198038 0.236796 0.117188 0.208333
6 0.942732 0.539512 0.117188 0.208333
37 0.139785 0.256557 0.041667 0.074074
37 0.318361 0.724521 0.041667 0.074074
37 0.646874 0.785636 0.041667 0.074074
36 0.923269 0.844527 0.028846 0.051282
36 0.943126 0.800822 0.028846 0.051282
36 0.882059 0.266534 0.028846 0.051282
36 0.987451 0.017459 0.028846 0.051282
36 0.975132 0.172991 0.028846 0.051282
36 0.941569 0.070224 0.028846 0.051282
36 0.775701 0.108461 0.028846 0.051282
36 0.995384 0.499948 0.028846 0.051282
36 0.989895 0.206044 0.028846 0.051282
36 0.832421 0.125442 0.028846 0.051282
36 0.898318 0.053046 0.028846 0.051282
36 0.771908 0.179869 0.028846 0.051282
36 0.654571 0.183335 0.028846 0.051282
36 0.799916 0.244918 0.028846 0.051282
36 0.798563 0.687557 0.028846 0.051282
36 0.816203 0.641918 0.028846 0.051282
36 0.806048 0.729561 0.028846 0.051282
36 0.64421 0.689225 0.028846 0.051282
36 0.169574 0.869276 0.028846 0.051282
36 0.196678 0.897661 0.028846 0.051282
36 0.799401 0.072088 0.028846 0.051282
36 0.85972 0.697545 0.028846 0.051282
36 0.866206 0.678091 0.028846 0.051282
36 0.710797 0.5543 0.028846 0.051282
36 0.848514 0.258312 0.028846 0.051282
36 0.25804 0.062161 0.028846 0.051282
36 0.541859 0.754588 0.028846 0.051282
36 0.861019 0.303729 0.028846 0.051282
36 0.71333 0.501802 0.028846 0.051282
36 0.808119 0.040398 0.028846 0.051282
36 0.693612 0.272416 0.028846 0.051282
36 0.643664 0.718616 0.028846 0.051282
36 0.37184 0.776137 0.028846 0.051282
36 0.796861 0.10907 0.028846 0.051282
36 0.533572 0.703142 0.028846 0.051282
36 0.209451 0.810204 0.028846 0.051282
36 0.223248 0.357284 0.028846 0.051282
36 0.212419 0.398561 0.028846 0.051282
