0 0.5 0.49 0.078125 0.138889
25 0.784814 0.168354 0.072917 0.12963
25 0.089371 0.567712 0.072917 0.12963
38 0.865602 0.612492 0.052083 0.092593
37 0.574551 0.032554 0.041667 0.074074
38 0.403556 0.312512 0.052083 0.092593
37 0.582688 0.587718 0.041667 0.074074
36 0.917124 0.128411 0.028846 0.051282
36 0.556949 0.899445 0.028846 0.051282
36 0.685655 0.873481 0.028846 0.051282
36 0.045102 0.81325 0.028846 0.051282
36 0.675626 0.557859 0.028846 0.051282
36 0.763391 0.690606 0.028846 0.051282
36 0.765594 0.655935 0.028846 0.051282
36 0.836837 0.763228 0.028846 0.051282
36 0.338309 0.714496 0.028846 0.051282
36 0.829509 0.896981 0.028846 0.051282
36 0.22321 0.712732 0.028846 0.051282
36 0.098545 0.636592 0.028846 0.051282
36 0.85347 0.009512 0.028846 0.051282
36 0.415901 0.792994 0.028846 0.051282
36 0.106436 0.101378 0.028846 0.051282
36 0.470251 0.752366 0.028846 0.051282
36 0.035853 0.366278 0.028846 0.051282
36 0.217807 0.794721 0.028846 0.051282
36 0.839592 0.132604 0.028846 0.051282
36 0.763324 0.003936 0.028846 0.051282
36 0.838713 0.016497 0.028846 0.051282
36 0.514102 0.86778 0.028846 0.051282
36 0.374125 0.356435 0.028846 0.051282
36 0.614266 0.72836 0.028846 0.051282
36 0.62024 0.677642 0.028846 0.051282
36 0.620112 0.67029 0.028846 0.051282
36 0.041087 0.009205 0.028846 0.051282
36 0.713447 0.067529 0.028846 0.051282
36 0.737758 0.912311 0.028846 0.051282
36 0.597515 0.053059 0.028846 0.051282
36 0.819977 0.718861 0.028846 0.051282
