0 0.5 0.49 0.078125 0.138889
14 0.673496 0.786117 0.0625 0.111111
14 0.886394 0.647428 0.0625 0.111111
14 0.231322 0.220677 0.0625 0.111111
18 0.206517 0.134915 0.117188 0.208333
6 0.187275 0.483378 0.117188 0.208333
37 0.118429 0.377963 0.041667 0.074074
37 0.297005 0.845927 0.041667 0.074074
37 0.28895 0.037083 0.041667 0.074074
37 0.625518 0.907042 0.041667 0.074074
36 0.901912 0.965934 0.028846 0.051282
36 0.92177 0.922228 0.028846 0.051282
36 0.860702 0.38794 0.028846 0.051282
36 0.966094 0.138865 0.028846 0.051282
36 0.985879 0.085605 0.028846 0.051282
36 0.953775 0.294398 0.028846 0.051282
36 0.527698 0.032733 0.028846 0.051282
36 0.920213 0.19163 0.028846 0.051282
36 0.754345 0.229867 0.028846 0.051282
36 0.974028 0.621354 0.028846 0.051282
36 0.968539 0.32745 0.028846 0.051282
36 0.979393 0.263104 0.028846 0.051282
36 0.811064 0.246848 0.028846 0.051282
36 0.876961 0.174452 0.028846 0.051282
36 0.750552 0.301275 0.028846 0.051282
36 0.633214 0.304741 0.028846 0.051282
36 0.77856 0.366324 0.028846 0.051282
36 0.777207 0.808963 0.028846 0.051282
36 0.794847 0.763324 0.028846 0.051282
36 0.784692 0.850967 0.028846 0.051282
36 0.622853 0.810631 0.028846 0.051282
36 0.148218 0.990682 0.028846 0.051282
36 0.778044 0.193494 0.028846 0.051282
36 0.838364 0.818951 0.028846 0.051282
36 0.84485 0.799497 0.028846 0.051282
36 0.689441 0.675707 0.028846 0.051282
36 0.827158 0.379718 0.028846 0.051282
36 0.236683 0.183567 0.028846 0.051282
36 0.520503 0.875994 0.028846 0.051282
36 0.839663 0.425135 0.028846 0.051282
36 0.691974 0.623208 0.028846 0.051282
36 0.786763 0.161805 0.028846 0.051282
36 0.672256 0.393822 0.028846 0.051282
36 0.292815 0.032266 0.028846 0.051282
36 0.34103 0.109921 0.028846 0.051282
36 0.265439 0.049172 0.028846 0.051282
36 0.622308 0.840022 0.028846 0.051282
36 0.350483 0.897543 0.028846 0.051282
36 0.775505 0.230476 0.028846 0.051282
36 0.512216 0.824548 0.028846 0.051282
36 0.188094 0.93161 0.028846 0.051282
36 0.853193 0.770068 0.028846 0.051282
36 0.317834 0.150838 0.028846 0.051282
