0 0.422131 0.49 0.078125 0.138889
19 0.606228 0.118579 0.078125 0.138889
5 0.15042 0.188825 0.0625 0.111111
1 0.957611 0.852754 0.052083 0.092593
18 0.667894 0.004345 0.117188 0.208333
38 0.553337 0.25569 0.052083 0.092593
36 0.835437 0.81666 0.028846 0.051282
36 0.913172 0.633784 0.028846 0.051282
36 0.915375 0.599113 0.028846 0.051282
36 0.986618 0.706406 0.028846 0.051282
36 0.97929 0.84016 0.028846 0.051282
36 0.256217 0.044556 0.028846 0.051282
36 0.077276 0.732448 0.028846 0.051282
36 0.185634 0.309456 0.028846 0.051282
36 0.989373 0.075783 0.028846 0.051282
36 0.523906 0.299614 0.028846 0.051282
36 0.863228 0.010708 0.028846 0.051282
36 0.88754 0.85549 0.028846 0.051282
36 0.969758 0.662039 0.028846 0.051282
36 0.315116 0.002473 0.028846 0.051282
36 0.144848 0.330036 0.028846 0.051282
36 0.848249 0.01889 0.028846 0.051282
36 0.183826 0.036355 0.028846 0.051282
36 0.319167 0.100374 0.028846 0.051282
36 0.332047 0.317642 0.028846 0.051282
36 0.361443 0.261503 0.028846 0.051282
36 0.343204 0.271065 0.028846 0.051282
36 0.837973 0.105572 0.028846 0.051282
36 0.767833 0.829615 0.028846 0.051282
36 0.102774 0.184127 0.028846 0.051282
36 0.342512 0.222985 0.028846 0.051282
36 0.380443 0.190541 0.028846 0.051282
36 0.349239 0.182675 0.028846 0.051282
