0 0.392001 0.877696 0.078125 0.138889
6 0.671504 0.738648 0.117188 0.208333
1 0.653963 0.445743 0.052083 0.092593
3 0.675221 0.408976 0.052083 0.092593
6 0.687585 0.116251 0.117188 0.208333
6 0.499321 0.526183 0.117188 0.208333
6 0.979222 0.58116 0.117188 0.208333
6 0.89456 0.317907 0.117188 0.208333
18 0.612979 0.846932 0.117188 0.208333
18 0.634846 0.429889 0.117188 0.208333
3 0.610184 0.455067 0.052083 0.092593
1 0.613855 0.439696 0.052083 0.092593
1 0.597516 0.537011 0.052083 0.092593
1 0.592009 0.463212 0.052083 0.092593
1 0.660121 0.383024 0.052083 0.092593
1 0.636129 0.39432 0.052083 0.092593
3 0.577471 0.36153 0.052083 0.092593
3 0.756818 0.591458 0.052083 0.092593
1 0.665435 0.340188 0.052083 0.092593
6 0.699762 0.140354 0.117188 0.208333
6 0.780176 0.040631 0.117188 0.208333
6 0.674862 0.785967 0.117188 0.208333
1 0.62997 0.468829 0.052083 0.092593
1 0.481054 0.211775 0.052083 0.092593
1 0.597238 0.283403 0.052083 0.092593
3 0.632856 0.483415 0.052083 0.092593
1 0.463696 0.182589 0.052083 0.092593
1 0.490801 0.167276 0.052083 0.092593
1 0.453894 0.142278 0.052083 0.092593
1 0.526263 0.236581 0.052083 0.092593
1 0.308347 0.668397 0.052083 0.092593
1 0.384153 0.588234 0.052083 0.092593
3 0.214057 0.146744 0.052083 0.092593
1 0.84356 0.327448 0.052083 0.092593
1 0.834237 0.263904 0.052083 0.092593
1 0.838389 0.369867 0.052083 0.092593
1 0.788933 0.336427 0.052083 0.092593
1 0.818732 0.332812 0.052083 0.092593
1 0.803339 0.368173 0.052083 0.092593
37 0.546043 0.381085 0.041667 0.074074
36 0.201716 0.535192 0.028846 0.051282
36 0.343794 0.067252 0.028846 0.051282
36 0.595186 0.023677 0.028846 0.051282
36 0.346469 0.35362 0.028846 0.051282
36 0.701964 0.378798 0.028846 0.051282
36 0.700304 0.017887 0.028846 0.051282
36 0.710184 0.346602 0.028846 0.051282
36 0.712064 0.224407 0.028846 0.051282
36 0.635351 0.350293 0.028846 0.051282
36 0.560803 0.312919 0.028846 0.051282
36 0.515023 0.194957 0.028846 0.051282
36 0.267216 0.087488 0.028846 0.051282
36 0.547544 0.054396 0.028846 0.051282
36 0.587648 0.03695 0.028846 0.051282
36 0.927182 0.007582 0.028846 0.051282
36 0.816318 0.238184 0.028846 0.051282
36 0.869781 0.293521 0.028846 0.051282
36 0.914366 0.538926 0.028846 0.051282
36 0.785326 0.179973 0.028846 0.051282
36 0.860852 0.249831 0.028846 0.051282
36 0.778768 0.237716 0.028846 0.051282
36 0.763468 0.202831 0.028846 0.051282
36 0.733474 0.139592 0.028846 0.051282
36 0.767495 0.324178 0.028846 0.051282
36 0.762522 0.25533 0.028846 0.051282
36 0.54834 0.501966 0.028846 0.051282
36 0.395904 0.663405 0.028846 0.051282
