0 0.746508 0.49 0.078125 0.138889
2 0.683904 0.518398 0.052083 0.092593
1 0.408721 0.879944 0.052083 0.092593
1 0.341064 0.459411 0.052083 0.092593
1 0.620134 0.758057 0.052083 0.092593
2 0.305653 0.182266 0.052083 0.092593
2 0.506426 0.729357 0.052083 0.092593
2 0.136156 0.007032 0.052083 0.092593
2 0.668413 0.224754 0.052083 0.092593
2 0.423492 0.519748 0.052083 0.092593
2 0.288117 0.805805 0.052083 0.092593
2 0.067126 0.828337 0.052083 0.092593
36 0.7711 0.069685 0.028846 0.051282
36 0.769404 0.94648 0.028846 0.051282
36 0.573763 0.797754 0.028846 0.051282
36 0.749087 0.691105 0.028846 0.051282
36 0.625056 0.463007 0.028846 0.051282
36 0.667072 0.547468 0.028846 0.051282
