0 0.146881 0.49 0.078125 0.138889
6 0.528478 0.930899 0.117188 0.208333
6 0.591933 0.664819 0.117188 0.208333
6 0.668956 0.997218 0.117188 0.208333
1 0.384794 0.933682 0.052083 0.092593
3 0.400863 0.896043 0.052083 0.092593
6 0.435668 0.912413 0.117188 0.208333
6 0.688087 0.634955 0.117188 0.208333
18 0.150356 0.770571 0.117188 0.208333
18 0.347186 0.865169 0.117188 0.208333
3 0.342351 0.930628 0.052083 0.092593
1 0.338315 0.910102 0.052083 0.092593
1 0.294988 0.936339 0.052083 0.092593
1 0.31816 0.929701 0.052083 0.092593
1 0.367503 0.885088 0.052083 0.092593
1 0.326152 0.868651 0.052083 0.092593
3 0.313758 0.874414 0.052083 0.092593
1 0.326058 0.822991 0.052083 0.092593
6 0.582064 0.706178 0.117188 0.208333
6 0.195965 0.176386 0.117188 0.208333
6 0.538035 0.905193 0.117188 0.208333
1 0.361014 0.92596 0.052083 0.092593
1 0.305863 0.843284 0.052083 0.092593
3 0.357384 0.940639 0.052083 0.092593
1 0.257872 0.834364 0.052083 0.092593
1 0.474791 0.862378 0.052083 0.092593
1 0.456806 0.830962 0.052083 0.092593
1 0.48561 0.904577 0.052083 0.092593
1 0.442102 0.862427 0.052083 0.092593
1 0.45472 0.900473 0.052083 0.092593
1 0.421624 0.883544 0.052083 0.092593
18 0.518762 0.653134 0.117188 0.208333
1 0.270114 0.752501 0.052083 0.092593
1 0.425974 0.7111 0.052083 0.092593
1 0.319813 0.773457 0.052083 0.092593
3 0.788581 0.449022 0.052083 0.092593
13 0.549037 0.611097 0.0625 0.111111
1 0.714938 0.505507 0.052083 0.092593
1 0.670026 0.54509 0.052083 0.092593
1 0.678849 0.506388 0.052083 0.092593
1 0.727103 0.56014 0.052083 0.092593
6 0.383801 0.325274 0.117188 0.208333
6 0.944509 0.309952 0.117188 0.208333
6 0.196252 0.676671 0.117188 0.208333
6 0.595386 0.554861 0.117188 0.208333
6 0.631395 0.342956 0.117188 0.208333
6 0.868584 0.869492 0.117188 0.208333
1 0.474953 0.713655 0.052083 0.092593
1 0.491981 0.745588 0.052083 0.092593
1 0.450464 0.71559 0.052083 0.092593
1 0.504747 0.818631 0.052083 0.092593
1 0.468419 0.757037 0.052083 0.092593
3 0.569906 0.708188 0.052083 0.092593
3 0.342745 0.312231 0.052083 0.092593
35 0.52502 0.795445 0.083705 0.14881
38 0.666806 0.130691 0.052083 0.092593
37 0.546043 0.855906 0.041667 0.074074
37 0.313893 0.320109 0.041667 0.074074
37 0.417296 0.351065 0.041667 0.074074
38 0.981696 0.20765 0.052083 0.092593
36 0.371658 0.097668 0.028846 0.051282
36 0.322768 0.135538 0.028846 0.051282
36 0.295663 0.259243 0.028846 0.051282
36 0.343794 0.542072 0.028846 0.051282
36 0.595186 0.498498 0.028846 0.051282
36 0.597713 0.442051 0.028846 0.051282
36 0.422483 0.279515 0.028846 0.051282
36 0.346469 0.82844 0.028846 0.051282
36 0.701964 0.853619 0.028846 0.051282
36 0.700304 0.492708 0.028846 0.051282
36 0.710184 0.821423 0.028846 0.051282
36 0.712064 0.699227 0.028846 0.051282
36 0.635351 0.825114 0.028846 0.051282
36 0.560803 0.78774 0.028846 0.051282
36 0.515023 0.669778 0.028846 0.051282
36 0.267216 0.562309 0.028846 0.051282
36 0.547544 0.529217 0.028846 0.051282
36 0.593974 0.445611 0.028846 0.051282
36 0.587648 0.511771 0.028846 0.051282
36 0.471396 0.184002 0.028846 0.051282
36 0.650067 0.434406 0.028846 0.051282
36 0.621502 0.435013 0.028846 0.051282
36 0.646838 0.464271 0.028846 0.051282
36 0.620101 0.437563 0.028846 0.051282
36 0.98152 0.102918 0.028846 0.051282
36 0.964794 0.11137 0.028846 0.051282
36 0.668177 0.387256 0.028846 0.051282
36 0.696148 0.343611 0.028846 0.051282
36 0.927182 0.482402 0.028846 0.051282
36 0.816318 0.713005 0.028846 0.051282
36 0.869781 0.768342 0.028846 0.051282
36 0.785326 0.654793 0.028846 0.051282
36 0.860852 0.724652 0.028846 0.051282
36 0.778768 0.712537 0.028846 0.051282
36 0.763468 0.677651 0.028846 0.051282
36 0.733474 0.614413 0.028846 0.051282
36 0.767495 0.798998 0.028846 0.051282
36 0.762522 0.730151 0.028846 0.051282
36 0.54834 0.976787 0.028846 0.051282
36 0.22461 0.866256 0.028846 0.051282
36 0.271884 0.956509 0.028846 0.051282
36 0.263302 0.882704 0.028846 0.051282
36 0.254193 0.938635 0.028846 0.051282
36 0.252579 0.899526 0.028846 0.051282
