0 0.358457 0.49 0.078125 0.138889
1 0.615612 0.429976 0.052083 0.092593
1 0.824347 0.012693 0.052083 0.092593
1 0.696873 0.793578 0.052083 0.092593
1 0.572877 0.717615 0.052083 0.092593
1 0.450947 0.679778 0.052083 0.092593
1 0.895708 0.787676 0.052083 0.092593
4 0.60301 0.504276 0.052083 0.092593
8 0.43138 0.552197 0.055804 0.099206
8 0.437715 0.501384 0.055804 0.099206
2 0.730669 0.169603 0.052083 0.092593
2 0.704807 0.22705 0.052083 0.092593
2 0.796843 0.195364 0.052083 0.092593
2 0.814465 0.169311 0.052083 0.092593
2 0.75013 0.186699 0.052083 0.092593
37 0.560342 0.459609 0.041667 0.074074
36 0.446405 0.217864 0.028846 0.051282
36 0.570569 0.506162 0.028846 0.051282
36 0.589544 0.232028 0.028846 0.051282
36 0.549506 0.530478 0.028846 0.051282
36 0.465237 0.041416 0.028846 0.051282
36 0.458711 0.107046 0.028846 0.051282
