0 0.5 0.239503 0.078125 0.138889
12 0.764872 0.564304 0.052083 0.092593
1 0.438179 0.753615 0.052083 0.092593
1 0.443419 0.695159 0.052083 0.092593
3 0.467391 0.782923 0.052083 0.092593
1 0.456231 0.833087 0.052083 0.092593
1 0.433108 0.836191 0.052083 0.092593
3 0.474725 0.819458 0.052083 0.092593
3 0.48128 0.793062 0.052083 0.092593
4 0.466446 0.874936 0.052083 0.092593
4 0.347059 0.635874 0.052083 0.092593
4 0.26166 0.366127 0.052083 0.092593
4 0.42452 0.504006 0.052083 0.092593
1 0.41758 0.734239 0.052083 0.092593
1 0.442035 0.876139 0.052083 0.092593
1 0.371324 0.833234 0.052083 0.092593
1 0.407356 0.774145 0.052083 0.092593
1 0.427436 0.793639 0.052083 0.092593
1 0.37683 0.710003 0.052083 0.092593
1 0.359761 0.741677 0.052083 0.092593
1 0.374121 0.775651 0.052083 0.092593
1 0.40115 0.703882 0.052083 0.092593
24 0.377478 0.827694 0.097656 0.173611
24 0.478577 0.446667 0.097656 0.173611
3 0.357641 0.685948 0.052083 0.092593
3 0.380037 0.65412 0.052083 0.092593
3 0.424083 0.679638 0.052083 0.092593
3 0.364682 0.658491 0.052083 0.092593
4 0.347219 0.84634 0.052083 0.092593
4 0.402642 0.844373 0.052083 0.092593
4 0.351996 0.799032 0.052083 0.092593
4 0.326084 0.817106 0.052083 0.092593
4 0.394703 0.892267 0.052083 0.092593
4 0.321991 0.861191 0.052083 0.092593
1 0.390896 0.743807 0.052083 0.092593
1 0.409608 0.662647 0.052083 0.092593
1 0.398363 0.534238 0.052083 0.092593
1 0.370505 0.615912 0.052083 0.092593
1 0.301601 0.823652 0.052083 0.092593
1 0.481588 0.449109 0.052083 0.092593
1 0.332268 0.775243 0.052083 0.092593
1 0.499791 0.870984 0.052083 0.092593
1 0.318893 0.725709 0.052083 0.092593
1 0.390142 0.805467 0.052083 0.092593
3 0.416196 0.608099 0.052083 0.092593
3 0.439072 0.603143 0.052083 0.092593
3 0.428908 0.651882 0.052083 0.092593
3 0.448391 0.639764 0.052083 0.092593
4 0.211531 0.510264 0.052083 0.092593
4 0.286323 0.339742 0.052083 0.092593
4 0.283378 0.528389 0.052083 0.092593
4 0.282829 0.395723 0.052083 0.092593
4 0.258656 0.310961 0.052083 0.092593
4 0.255332 0.536334 0.052083 0.092593
4 0.227785 0.549597 0.052083 0.092593
4 0.121109 0.644926 0.052083 0.092593
1 0.764691 0.933384 0.052083 0.092593
1 0.709166 0.469595 0.052083 0.092593
1 0.237357 0.506383 0.052083 0.092593
1 0.77534 0.377413 0.052083 0.092593
1 0.329743 0.372537 0.052083 0.092593
12 0.339245 0.742467 0.052083 0.092593
1 0.713691 0.313291 0.052083 0.092593
1 0.081134 0.867463 0.052083 0.092593
1 0.724485 0.256251 0.052083 0.092593
1 0.903702 0.712161 0.052083 0.092593
1 0.924252 0.473329 0.052083 0.092593
1 0.927966 0.340576 0.052083 0.092593
1 0.071633 0.729054 0.052083 0.092593
1 0.934568 0.626751 0.052083 0.092593
1 0.944947 0.510764 0.052083 0.092593
37 0.693456 0.758335 0.041667 0.074074
36 0.593404 0.516062 0.028846 0.051282
36 0.818586 0.86489 0.028846 0.051282
36 0.175753 0.253902 0.028846 0.051282
36 0.536994 0.503811 0.028846 0.051282
36 0.489172 0.53196 0.028846 0.051282
36 0.428789 0.988177 0.028846 0.051282
36 0.395139 0.84927 0.028846 0.051282
36 0.643698 0.905304 0.028846 0.051282
36 0.626062 0.900862 0.028846 0.051282
36 0.642259 0.874854 0.028846 0.051282
36 0.630924 0.820952 0.028846 0.051282
36 0.621989 0.881008 0.028846 0.051282
36 0.632995 0.863528 0.028846 0.051282
36 0.823568 0.72818 0.028846 0.051282
36 0.651542 0.719028 0.028846 0.051282
36 0.756742 0.695626 0.028846 0.051282
36 0.783802 0.653895 0.028846 0.051282
36 0.282575 0.300431 0.028846 0.051282
36 0.825453 0.653116 0.028846 0.051282
36 0.700102 0.601516 0.028846 0.051282
36 0.830153 0.485929 0.028846 0.051282
36 0.917298 0.625824 0.028846 0.051282
36 0.857892 0.448707 0.028846 0.051282
36 0.933056 0.469065 0.028846 0.051282
36 0.91759 0.50582 0.028846 0.051282
36 0.910893 0.636704 0.028846 0.051282
36 0.899609 0.607423 0.028846 0.051282
36 0.952782 0.56282 0.028846 0.051282
36 0.85274 0.793927 0.028846 0.051282
36 0.850481 0.787844 0.028846 0.051282
36 0.341965 0.943807 0.028846 0.051282
36 0.309035 0.795447 0.028846 0.051282
36 0.497531 0.369006 0.028846 0.051282
36 0.482814 0.327929 0.028846 0.051282
