0 0.35205 0.49 0.078125 0.138889
17 0.187569 0.278636 0.0625 0.111111
12 0.299957 0.985908 0.052083 0.092593
37 0.428115 0.761211 0.041667 0.074074
36 0.871045 0.868281 0.028846 0.051282
36 0.921396 0.818306 0.028846 0.051282
36 0.420675 0.797348 0.028846 0.051282
36 0.947557 0.639946 0.028846 0.051282
36 0.290702 0.984768 0.028846 0.051282
36 0.293949 0.948963 0.028846 0.051282
36 0.730916 0.215201 0.028846 0.051282
36 0.807658 0.852472 0.028846 0.051282
36 0.904437 0.638199 0.028846 0.051282
36 0.895205 0.337544 0.028846 0.051282
36 0.694057 0.911836 0.028846 0.051282
36 0.742787 0.850252 0.028846 0.051282
36 0.704169 0.933668 0.028846 0.051282
36 0.542912 0.739343 0.028846 0.051282
