0 0.434012 0.49 0.078125 0.138889
38 0.330362 0.905294 0.052083 0.092593
36 0.871045 0.571508 0.028846 0.051282
36 0.880175 0.823077 0.028846 0.051282
36 0.921396 0.521532 0.028846 0.051282
36 0.947557 0.343173 0.028846 0.051282
36 0.904437 0.341426 0.028846 0.051282
36 0.895205 0.04077 0.028846 0.051282
36 0.727301 0.036991 0.028846 0.051282
36 0.919987 0.876455 0.028846 0.051282
36 0.323462 0.841999 0.028846 0.051282
36 0.867437 0.78036 0.028846 0.051282
36 0.961825 0.559766 0.028846 0.051282
36 0.654559 0.825192 0.028846 0.051282
36 0.915785 0.267493 0.028846 0.051282
36 0.344344 0.786179 0.028846 0.051282
36 0.819546 0.840123 0.028846 0.051282
36 0.780023 0.399827 0.028846 0.051282
36 0.138794 0.777108 0.028846 0.051282
36 0.697729 0.138037 0.028846 0.051282
36 0.895325 0.355789 0.028846 0.051282
36 0.765512 0.356293 0.028846 0.051282
36 0.779653 0.338741 0.028846 0.051282
36 0.799136 0.290714 0.028846 0.051282
36 0.095878 0.472812 0.028846 0.051282
36 0.604383 0.054458 0.028846 0.051282
36 0.270423 0.01029 0.028846 0.051282
36 0.729481 0.025255 0.028846 0.051282
36 0.733916 0.488024 0.028846 0.051282
36 0.6223 0.611544 0.028846 0.051282
36 0.798968 0.327172 0.028846 0.051282
36 0.740169 0.534311 0.028846 0.051282
36 0.40389 0.527523 0.028846 0.051282
