0 0.699787 0.49 0.078125 0.138889
14 0.642869 0.659193 0.0625 0.111111
14 0.565061 0.654398 0.0625 0.111111
1 0.620782 0.54111 0.052083 0.092593
1 0.658401 0.605869 0.052083 0.092593
3 0.115088 0.853345 0.052083 0.092593
3 0.127478 0.558981 0.052083 0.092593
3 0.78707 0.873464 0.052083 0.092593
1 0.436316 0.562197 0.052083 0.092593
1 0.511993 0.599134 0.052083 0.092593
1 0.394836 0.669124 0.052083 0.092593
1 0.381955 0.587805 0.052083 0.092593
1 0.364274 0.512895 0.052083 0.092593
1 0.334729 0.633135 0.052083 0.092593
1 0.439081 0.634355 0.052083 0.092593
1 0.450337 0.596083 0.052083 0.092593
1 0.289188 0.63763 0.052083 0.092593
1 0.423908 0.59882 0.052083 0.092593
1 0.363923 0.553817 0.052083 0.092593
1 0.419335 0.661087 0.052083 0.092593
36 0.878706 0.476902 0.028846 0.051282
36 0.49401 0.650783 0.028846 0.051282
36 0.607219 0.67216 0.028846 0.051282
36 0.67028 0.607494 0.028846 0.051282
36 0.631653 0.699127 0.028846 0.051282
