0 0.413029 0.49 0.078125 0.138889
1 0.604763 0.590903 0.052083 0.092593
1 0.630662 0.262376 0.052083 0.092593
1 0.645673 0.526122 0.052083 0.092593
1 0.721211 0.481183 0.052083 0.092593
1 0.782242 0.955308 0.052083 0.092593
1 0.658507 0.929336 0.052083 0.092593
1 0.476853 0.914537 0.052083 0.092593
4 0.800918 0.637206 0.052083 0.092593
8 0.571267 0.758009 0.055804 0.099206
8 0.562433 0.768933 0.055804 0.099206
2 0.907637 0.071207 0.052083 0.092593
2 0.886414 0.148433 0.052083 0.092593
2 0.981158 0.129863 0.052083 0.092593
2 0.996356 0.099975 0.052083 0.092593
2 0.930155 0.102375 0.052083 0.092593
37 0.560342 0.504645 0.041667 0.074074
36 0.446405 0.2629 0.028846 0.051282
