0 0.299096 0.49 0.078125 0.138889
1 0.600571 0.32247 0.052083 0.092593
1 0.576095 0.328908 0.052083 0.092593
1 0.600226 0.394996 0.052083 0.092593
1 0.62528 0.318802 0.052083 0.092593
1 0.654218 0.296029 0.052083 0.092593
1 0.622254 0.277828 0.052083 0.092593
1 0.612499 0.35807 0.052083 0.092593
1 0.648944 0.415543 0.052083 0.092593
1 0.581041 0.368682 0.052083 0.092593
1 0.62946 0.387591 0.052083 0.092593
3 0.868409 0.778683 0.052083 0.092593
14 0.906133 0.405888 0.0625 0.111111
1 0.600417 0.975918 0.052083 0.092593
36 0.927986 0.47773 0.028846 0.051282
36 0.551631 0.861622 0.028846 0.051282
36 0.564363 0.159316 0.028846 0.051282
36 0.594047 0.42764 0.028846 0.051282
36 0.569849 0.217778 0.028846 0.051282
36 0.64819 0.017153 0.028846 0.051282
36 0.367343 0.641176 0.028846 0.051282
