0 0.475021 0.49 0.078125 0.138889
17 0.641886 0.13793 0.0625 0.111111
17 0.656262 0.187985 0.0625 0.111111
17 0.773693 0.487039 0.0625 0.111111
17 0.172696 0.06812 0.0625 0.111111
1 0.82702 0.103973 0.052083 0.092593
1 0.666699 0.868859 0.052083 0.092593
1 0.370166 0.804996 0.052083 0.092593
1 0.845598 0.328328 0.052083 0.092593
14 0.815962 0.838378 0.0625 0.111111
14 0.734005 0.709507 0.0625 0.111111
37 0.428115 0.722147 0.041667 0.074074
36 0.871045 0.829217 0.028846 0.051282
36 0.921396 0.779242 0.028846 0.051282
36 0.947557 0.600882 0.028846 0.051282
36 0.730916 0.176137 0.028846 0.051282
36 0.904437 0.599135 0.028846 0.051282
36 0.895205 0.29848 0.028846 0.051282
36 0.727301 0.2947 0.028846 0.051282
36 0.647942 0.220403 0.028846 0.051282
36 0.961825 0.817476 0.028846 0.051282
36 0.513937 0.048121 0.028846 0.051282
36 0.915785 0.525203 0.028846 0.051282
36 0.138268 0.048433 0.028846 0.051282
36 0.70435 0.090457 0.028846 0.051282
36 0.637097 0.02972 0.028846 0.051282
36 0.31078 0.822105 0.028846 0.051282
36 0.780023 0.657537 0.028846 0.051282
36 0.697729 0.395746 0.028846 0.051282
36 0.895325 0.613498 0.028846 0.051282
36 0.369327 0.059161 0.028846 0.051282
36 0.599508 0.452101 0.028846 0.051282
36 0.765512 0.614002 0.028846 0.051282
36 0.591318 0.666718 0.028846 0.051282
36 0.779653 0.59645 0.028846 0.051282
36 0.799136 0.548423 0.028846 0.051282
36 0.38441 0.865644 0.028846 0.051282
36 0.095878 0.730522 0.028846 0.051282
36 0.604383 0.312167 0.028846 0.051282
36 0.320112 0.657545 0.028846 0.051282
36 0.704629 0.167497 0.028846 0.051282
36 0.270423 0.268 0.028846 0.051282
36 0.24281 0.235802 0.028846 0.051282
36 0.605151 0.070032 0.028846 0.051282
36 0.716836 0.330192 0.028846 0.051282
