0 0.409581 0.49 0.078125 0.138889
1 0.711115 0.615034 0.052083 0.092593
1 0.686946 0.623014 0.052083 0.092593
1 0.711824 0.698823 0.052083 0.092593
1 0.735803 0.612836 0.052083 0.092593
1 0.761067 0.581521 0.052083 0.092593
1 0.735804 0.560824 0.052083 0.092593
1 0.729028 0.651853 0.052083 0.092593
1 0.758264 0.740027 0.052083 0.092593
1 0.704167 0.654049 0.052083 0.092593
1 0.750235 0.698435 0.052083 0.092593
36 0.927986 0.779302 0.028846 0.051282
36 0.564363 0.460888 0.028846 0.051282
36 0.434973 0.483161 0.028846 0.051282
36 0.594047 0.729212 0.028846 0.051282
36 0.569849 0.51935 0.028846 0.051282
36 0.645249 0.310796 0.028846 0.051282
