0 0.730412 0.717829 0.078125 0.138889
1 0.548483 0.127451 0.052083 0.092593
1 0.311269 0.675089 0.052083 0.092593
1 0.319593 0.121672 0.052083 0.092593
1 0.185259 0.759443 0.052083 0.092593
1 0.2018 0.357995 0.052083 0.092593
1 0.209728 0.776331 0.052083 0.092593
1 0.111813 0.115011 0.052083 0.092593
1 0.484541 0.761038 0.052083 0.092593
1 0.156378 0.543116 0.052083 0.092593
1 0.144567 0.579566 0.052083 0.092593
1 0.069945 0.040903 0.052083 0.092593
23 0.256824 0.638775 0.052083 0.092593
23 0.259655 0.160908 0.052083 0.092593
36 0.673478 0.539961 0.028846 0.051282
