0 0.320639 0.49 0.078125 0.138889
1 0.546862 0.854063 0.052083 0.092593
1 0.532171 0.780417 0.052083 0.092593
1 0.493974 0.752938 0.052083 0.092593
1 0.601656 0.532247 0.052083 0.092593
1 0.57912 0.672283 0.052083 0.092593
2 0.544873 0.437559 0.052083 0.092593
2 0.5226 0.44837 0.052083 0.092593
2 0.605278 0.412834 0.052083 0.092593
2 0.586354 0.392401 0.052083 0.092593
2 0.58572 0.356504 0.052083 0.092593
1 0.805978 0.006785 0.052083 0.092593
37 0.146143 0.795111 0.041667 0.074074
36 0.454598 0.05701 0.028846 0.051282
36 0.090186 0.70019 0.028846 0.051282
36 0.160552 0.113687 0.028846 0.051282
36 0.10914 0.023949 0.028846 0.051282
