0 0.492888 0.49 0.078125 0.138889
1 0.612192 0.457076 0.052083 0.092593
1 0.820356 0.435046 0.052083 0.092593
1 0.901358 0.273106 0.052083 0.092593
1 0.278781 0.267987 0.052083 0.092593
1 0.568064 0.197283 0.052083 0.092593
1 0.447414 0.169345 0.052083 0.092593
1 0.767811 0.937217 0.052083 0.092593
4 0.630236 0.628587 0.052083 0.092593
4 0.804253 0.849848 0.052083 0.092593
4 0.835278 0.612273 0.052083 0.092593
35 0.166921 0.235474 0.083705 0.14881
38 0.186224 0.127556 0.052083 0.092593
36 0.180547 0.153996 0.028846 0.051282
36 0.699993 0.167624 0.028846 0.051282
36 0.720641 0.407336 0.028846 0.051282
36 0.616525 0.437862 0.028846 0.051282
36 0.529634 0.08906 0.028846 0.051282
36 0.438083 0.117793 0.028846 0.051282
36 0.3178 0.263464 0.028846 0.051282
36 0.346667 0.239416 0.028846 0.051282
36 0.355157 0.142109 0.028846 0.051282
36 0.439469 0.355698 0.028846 0.051282
36 0.362328 0.437473 0.028846 0.051282
36 0.338465 0.489729 0.028846 0.051282
36 0.351966 0.554117 0.028846 0.051282
36 0.417486 0.892985 0.028846 0.051282
36 0.385446 0.928415 0.028846 0.051282
36 0.425029 0.607994 0.028846 0.051282
36 0.465389 0.582805 0.028846 0.051282
