0 0.5 0.49 0.078125 0.138889
17 0.741202 0.951604 0.0625 0.111111
1 0.442226 0.578359 0.052083 0.092593
14 0.556088 0.708645 0.0625 0.111111
14 0.698828 0.90239 0.0625 0.111111
14 0.833345 0.306992 0.0625 0.111111
6 0.453004 0.508491 0.117188 0.208333
6 0.755178 0.304318 0.117188 0.208333
6 0.743821 0.215792 0.117188 0.208333
1 0.229167 0.127197 0.052083 0.092593
1 0.186621 0.111463 0.052083 0.092593
1 0.183262 0.449888 0.052083 0.092593
1 0.161679 0.705431 0.052083 0.092593
1 0.985647 0.453281 0.052083 0.092593
16 0.933965 0.57785 0.078125 0.138889
36 0.858258 0.978532 0.028846 0.051282
36 0.908609 0.928556 0.028846 0.051282
36 0.93477 0.750196 0.028846 0.051282
36 0.718129 0.325452 0.028846 0.051282
36 0.89165 0.74845 0.028846 0.051282
36 0.882418 0.447794 0.028846 0.051282
36 0.714514 0.444014 0.028846 0.051282
36 0.635155 0.369718 0.028846 0.051282
36 0.949038 0.96679 0.028846 0.051282
36 0.902998 0.674517 0.028846 0.051282
36 0.045391 0.047513 0.028846 0.051282
36 0.691563 0.239772 0.028846 0.051282
36 0.62431 0.179034 0.028846 0.051282
36 0.767236 0.806851 0.028846 0.051282
36 0.684942 0.54506 0.028846 0.051282
36 0.882538 0.762813 0.028846 0.051282
36 0.990673 0.508154 0.028846 0.051282
36 0.752725 0.763316 0.028846 0.051282
36 0.766867 0.745765 0.028846 0.051282
36 0.786349 0.697737 0.028846 0.051282
36 0.083091 0.879836 0.028846 0.051282
36 0.691842 0.316811 0.028846 0.051282
36 0.596493 0.221148 0.028846 0.051282
36 0.716695 0.432279 0.028846 0.051282
36 0.721129 0.895048 0.028846 0.051282
36 0.585327 0.314158 0.028846 0.051282
36 0.786181 0.734195 0.028846 0.051282
36 0.727382 0.941335 0.028846 0.051282
36 0.889056 0.18135 0.028846 0.051282
36 0.495439 0.136942 0.028846 0.051282
36 0.516079 0.080397 0.028846 0.051282
36 0.922131 0.37564 0.028846 0.051282
36 0.576952 0.030788 0.028846 0.051282
36 0.846037 0.244716 0.028846 0.051282
36 0.447179 0.636796 0.028846 0.051282
36 0.50802 0.105423 0.028846 0.051282
