0 0.5 0.599537 0.078125 0.138889
12 0.997945 0.204969 0.052083 0.092593
1 0.380397 0.084404 0.052083 0.092593
1 0.652832 0.128676 0.052083 0.092593
1 0.757561 0.087041 0.052083 0.092593
1 0.33736 0.468917 0.052083 0.092593
1 0.762645 0.006515 0.052083 0.092593
1 0.143336 0.566208 0.052083 0.092593
1 0.148139 0.626287 0.052083 0.092593
1 0.123099 0.401636 0.052083 0.092593
1 0.099441 0.414742 0.052083 0.092593
1 0.787105 0.810283 0.052083 0.092593
24 0.390414 0.673389 0.097656 0.173611
37 0.356402 0.324739 0.041667 0.074074
36 0.531998 0.846448 0.028846 0.051282
36 0.279023 0.293124 0.028846 0.051282
36 0.417032 0.359916 0.028846 0.051282
36 0.853698 0.176001 0.028846 0.051282
36 0.936581 0.147907 0.028846 0.051282
36 0.638471 0.134188 0.028846 0.051282
36 0.628156 0.133066 0.028846 0.051282
36 0.685102 0.077545 0.028846 0.051282
36 0.737662 0.090679 0.028846 0.051282
36 0.627452 0.160513 0.028846 0.051282
36 0.65422 0.276851 0.028846 0.051282
36 0.218681 0.052949 0.028846 0.051282
36 0.23825 0.263655 0.028846 0.051282
36 0.359908 0.366455 0.028846 0.051282
36 0.346417 0.330439 0.028846 0.051282
36 0.324118 0.296111 0.028846 0.051282
36 0.274123 0.199843 0.028846 0.051282
36 0.387614 0.308178 0.028846 0.051282
36 0.389771 0.480346 0.028846 0.051282
36 0.551951 0.057446 0.028846 0.051282
36 0.590634 0.077709 0.028846 0.051282
36 0.564733 0.186118 0.028846 0.051282
36 0.572747 0.150979 0.028846 0.051282
36 0.610704 0.176673 0.028846 0.051282
36 0.552336 0.277486 0.028846 0.051282
36 0.638338 0.324415 0.028846 0.051282
36 0.555952 0.235208 0.028846 0.051282
36 0.463901 0.299288 0.028846 0.051282
36 0.684697 0.525295 0.028846 0.051282
36 0.623248 0.228231 0.028846 0.051282
36 0.346933 0.753573 0.028846 0.051282
36 0.430251 0.160382 0.028846 0.051282
36 0.622333 0.165326 0.028846 0.051282
36 0.384768 0.310559 0.028846 0.051282
36 0.642045 0.538629 0.028846 0.051282
36 0.452676 0.754593 0.028846 0.051282
36 0.507711 0.241095 0.028846 0.051282
36 0.576533 0.77083 0.028846 0.051282
