0 0.41754 0.49 0.078125 0.138889
8 0.715703 0.730465 0.055804 0.099206
8 0.767683 0.651028 0.055804 0.099206
1 0.527902 0.587946 0.052083 0.092593
1 0.558725 0.598989 0.052083 0.092593
1 0.580442 0.502068 0.052083 0.092593
1 0.556208 0.558016 0.052083 0.092593
1 0.550992 0.517633 0.052083 0.092593
1 0.534224 0.486567 0.052083 0.092593
1 0.531719 0.547408 0.052083 0.092593
1 0.512964 0.508252 0.052083 0.092593
1 0.560094 0.478872 0.052083 0.092593
1 0.573705 0.443935 0.052083 0.092593
1 0.544143 0.447369 0.052083 0.092593
14 0.802868 0.794116 0.0625 0.111111
3 0.895428 0.098617 0.052083 0.092593
1 0.820803 0.193113 0.052083 0.092593
36 0.927986 0.710502 0.028846 0.051282
36 0.594047 0.660412 0.028846 0.051282
36 0.556635 0.547859 0.028846 0.051282
36 0.560464 0.636999 0.028846 0.051282
36 0.46214 0.992816 0.028846 0.051282
36 0.504257 0.998398 0.028846 0.051282
36 0.728758 0.975943 0.028846 0.051282
36 0.955205 0.906255 0.028846 0.051282
36 0.774359 0.930764 0.028846 0.051282
36 0.946033 0.594792 0.028846 0.051282
36 0.672218 0.815793 0.028846 0.051282
36 0.778631 0.827209 0.028846 0.051282
36 0.685495 0.71629 0.028846 0.051282
36 0.592995 0.552378 0.028846 0.051282
36 0.613509 0.591037 0.028846 0.051282
36 0.593538 0.512014 0.028846 0.051282
36 0.576211 0.515575 0.028846 0.051282
36 0.596716 0.457033 0.028846 0.051282
36 0.528767 0.415478 0.028846 0.051282
36 0.500244 0.409324 0.028846 0.051282
36 0.549713 0.486292 0.028846 0.051282
36 0.404812 0.327014 0.028846 0.051282
