0 0.5 0.599848 0.078125 0.138889
18 0.55219 0.123092 0.117188 0.208333
6 0.495931 0.08599 0.117188 0.208333
6 0.439521 0.187172 0.117188 0.208333
37 0.585431 0.467236 0.041667 0.074074
36 0.625937 0.159137 0.028846 0.051282
36 0.42074 0.062771 0.028846 0.051282
36 0.423609 0.038368 0.028846 0.051282
36 0.38858 0.226133 0.028846 0.051282
36 0.329595 0.153896 0.028846 0.051282
36 0.382332 0.181367 0.028846 0.051282
36 0.448157 0.27885 0.028846 0.051282
36 0.149949 0.535192 0.028846 0.051282
36 0.553516 0.242871 0.028846 0.051282
36 0.527394 0.269231 0.028846 0.051282
36 0.538275 0.469582 0.028846 0.051282
36 0.535206 0.469053 0.028846 0.051282
36 0.530004 0.466618 0.028846 0.051282
