0 0.469629 0.49 0.078125 0.138889
6 0.952031 0.785729 0.117188 0.208333
3 0.505098 0.811019 0.052083 0.092593
18 0.510434 0.908579 0.117188 0.208333
18 0.849965 0.404124 0.117188 0.208333
1 0.819086 0.764998 0.052083 0.092593
1 0.745141 0.79533 0.052083 0.092593
1 0.714658 0.683466 0.052083 0.092593
6 0.49244 0.858708 0.117188 0.208333
6 0.670104 0.955823 0.117188 0.208333
6 0.179626 0.666341 0.117188 0.208333
38 0.666806 0.135944 0.052083 0.092593
37 0.637198 0.94731 0.041667 0.074074
36 0.667916 0.153567 0.028846 0.051282
36 0.490543 0.18701 0.028846 0.051282
36 0.371658 0.102921 0.028846 0.051282
