0 0.407549 0.49 0.078125 0.138889
6 0.888025 0.890112 0.117188 0.208333
18 0.461071 0.703271 0.117188 0.208333
18 0.808385 0.285276 0.117188 0.208333
1 0.715808 0.625451 0.052083 0.092593
1 0.636036 0.620035 0.052083 0.092593
6 0.397604 0.759414 0.117188 0.208333
6 0.604979 0.66106 0.117188 0.208333
6 0.195459 0.432551 0.117188 0.208333
3 0.663587 0.712017 0.052083 0.092593
3 0.148461 0.957674 0.052083 0.092593
38 0.666806 0.067961 0.052083 0.092593
37 0.637198 0.879327 0.041667 0.074074
36 0.667916 0.085584 0.028846 0.051282
36 0.490543 0.119027 0.028846 0.051282
36 0.371658 0.034938 0.028846 0.051282
36 0.502284 0.753762 0.028846 0.051282
36 0.677704 0.571227 0.028846 0.051282
36 0.573917 0.060161 0.028846 0.051282
36 0.398624 0.642378 0.028846 0.051282
36 0.482016 0.469072 0.028846 0.051282
36 0.489782 0.455247 0.028846 0.051282
36 0.482804 0.462365 0.028846 0.051282
