0 0.5 0.812992 0.078125 0.138889
1 0.354505 0.46911 0.052083 0.092593
1 0.37867 0.47889 0.052083 0.092593
1 0.390649 0.40253 0.052083 0.092593
1 0.370586 0.42207 0.052083 0.092593
14 0.487048 0.48026 0.0625 0.111111
14 0.264762 0.328134 0.0625 0.111111
14 0.627233 0.148973 0.0625 0.111111
14 0.635804 0.345951 0.0625 0.111111
8 0.648043 0.618563 0.055804 0.099206
8 0.070471 0.20616 0.055804 0.099206
36 0.792351 0.134668 0.028846 0.051282
36 0.415996 0.51856 0.028846 0.051282
36 0.458411 0.084578 0.028846 0.051282
36 0.424828 0.061164 0.028846 0.051282
36 0.343812 0.437585 0.028846 0.051282
36 0.326504 0.416981 0.028846 0.051282
36 0.286927 0.514188 0.028846 0.051282
36 0.310972 0.540987 0.028846 0.051282
36 0.331082 0.476962 0.028846 0.051282
36 0.357663 0.538386 0.028846 0.051282
36 0.322941 0.635675 0.028846 0.051282
36 0.301449 0.601266 0.028846 0.051282
36 0.477025 0.813133 0.028846 0.051282
36 0.295439 0.495967 0.028846 0.051282
36 0.31438 0.449521 0.028846 0.051282
36 0.36933 0.491225 0.028846 0.051282
36 0.368622 0.422564 0.028846 0.051282
36 0.526643 0.515717 0.028846 0.051282
