0 0.5 0.49 0.078125 0.138889
1 0.711878 0.064901 0.052083 0.092593
16 0.38306 0.758302 0.078125 0.138889
37 0.418626 0.510007 0.041667 0.074074
38 0.320874 0.950863 0.052083 0.092593
36 0.861557 0.617077 0.028846 0.051282
36 0.870687 0.868646 0.028846 0.051282
36 0.911907 0.567102 0.028846 0.051282
36 0.938068 0.388742 0.028846 0.051282
36 0.894949 0.386995 0.028846 0.051282
36 0.885717 0.08634 0.028846 0.051282
36 0.717813 0.08256 0.028846 0.051282
36 0.638453 0.008263 0.028846 0.051282
36 0.910498 0.922024 0.028846 0.051282
36 0.313974 0.887568 0.028846 0.051282
36 0.857949 0.825929 0.028846 0.051282
36 0.952336 0.605336 0.028846 0.051282
36 0.645071 0.870762 0.028846 0.051282
36 0.906297 0.313062 0.028846 0.051282
36 0.334856 0.831748 0.028846 0.051282
36 0.810057 0.885693 0.028846 0.051282
36 0.301292 0.609965 0.028846 0.051282
36 0.770535 0.445397 0.028846 0.051282
36 0.129306 0.822677 0.028846 0.051282
36 0.68824 0.183606 0.028846 0.051282
36 0.885837 0.401358 0.028846 0.051282
36 0.993971 0.1467 0.028846 0.051282
36 0.756023 0.401862 0.028846 0.051282
36 0.770165 0.38431 0.028846 0.051282
36 0.789647 0.336283 0.028846 0.051282
36 0.374922 0.653504 0.028846 0.051282
36 0.086389 0.518382 0.028846 0.051282
36 0.594894 0.100027 0.028846 0.051282
36 0.310623 0.445405 0.028846 0.051282
36 0.260934 0.05586 0.028846 0.051282
36 0.233321 0.023662 0.028846 0.051282
36 0.719993 0.070824 0.028846 0.051282
36 0.38247 0.609211 0.028846 0.051282
36 0.724427 0.533593 0.028846 0.051282
36 0.612811 0.657113 0.028846 0.051282
36 0.78948 0.372741 0.028846 0.051282
36 0.585025 0.016434 0.028846 0.051282
36 0.73068 0.57988 0.028846 0.051282
