0 0.785446 0.49 0.078125 0.138889
6 0.233685 0.613234 0.117188 0.208333
6 0.161047 0.691545 0.117188 0.208333
1 0.446355 0.452675 0.052083 0.092593
3 0.429365 0.413136 0.052083 0.092593
6 0.411763 0.27751 0.117188 0.208333
6 0.36148 0.351717 0.117188 0.208333
6 0.522439 0.705998 0.117188 0.208333
18 0.48559 0.29015 0.117188 0.208333
3 0.384003 0.445307 0.052083 0.092593
1 0.398021 0.439075 0.052083 0.092593
1 0.394616 0.333818 0.052083 0.092593
1 0.373397 0.4351 0.052083 0.092593
1 0.414898 0.408329 0.052083 0.092593
1 0.354539 0.405877 0.052083 0.092593
3 0.388132 0.388904 0.052083 0.092593
3 0.466496 0.43951 0.052083 0.092593
1 0.422364 0.355766 0.052083 0.092593
6 0.044944 0.526203 0.117188 0.208333
6 0.554009 0.300155 0.117188 0.208333
1 0.468257 0.42544 0.052083 0.092593
1 0.374966 0.382376 0.052083 0.092593
3 0.412409 0.443885 0.052083 0.092593
1 0.49339 0.430904 0.052083 0.092593
1 0.524691 0.32916 0.052083 0.092593
1 0.484826 0.375444 0.052083 0.092593
1 0.442297 0.406646 0.052083 0.092593
1 0.536031 0.427746 0.052083 0.092593
1 0.441511 0.325538 0.052083 0.092593
18 0.426274 0.249054 0.117188 0.208333
18 0.351938 0.439245 0.117188 0.208333
1 0.446223 0.366551 0.052083 0.092593
3 0.500049 0.379189 0.052083 0.092593
6 0.363365 0.530137 0.117188 0.208333
6 0.345528 0.509564 0.117188 0.208333
6 0.627447 0.407566 0.117188 0.208333
6 0.234594 0.582067 0.117188 0.208333
6 0.547324 0.962352 0.117188 0.208333
6 0.282277 0.580058 0.117188 0.208333
1 0.546374 0.351179 0.052083 0.092593
1 0.566261 0.381324 0.052083 0.092593
1 0.4658 0.341775 0.052083 0.092593
3 0.522779 0.34288 0.052083 0.092593
3 0.351534 0.633123 0.052083 0.092593
1 0.416939 0.314936 0.052083 0.092593
1 0.400381 0.37419 0.052083 0.092593
1 0.435009 0.284924 0.052083 0.092593
1 0.490671 0.328805 0.052083 0.092593
3 0.309968 0.687913 0.052083 0.092593
3 0.309266 0.412106 0.052083 0.092593
1 0.238607 0.31732 0.052083 0.092593
1 0.257555 0.344985 0.052083 0.092593
1 0.239694 0.266427 0.052083 0.092593
1 0.257834 0.425701 0.052083 0.092593
6 0.219063 0.932643 0.117188 0.208333
6 0.231344 0.912935 0.117188 0.208333
18 0.349669 0.955001 0.117188 0.208333
1 0.631766 0.73122 0.052083 0.092593
1 0.619455 0.653907 0.052083 0.092593
1 0.614453 0.696185 0.052083 0.092593
3 0.681751 0.738169 0.052083 0.092593
3 0.131188 0.304188 0.052083 0.092593
1 0.070669 0.879023 0.052083 0.092593
35 0.358353 0.942503 0.083705 0.14881
37 0.147226 0.467167 0.041667 0.074074
37 0.25063 0.498122 0.041667 0.074074
38 0.806755 0.383884 0.052083 0.092593
36 0.177128 0.68913 0.028846 0.051282
36 0.428519 0.645556 0.028846 0.051282
36 0.431047 0.589109 0.028846 0.051282
36 0.255816 0.426573 0.028846 0.051282
36 0.179802 0.975498 0.028846 0.051282
36 0.533637 0.639766 0.028846 0.051282
36 0.543517 0.968481 0.028846 0.051282
36 0.545397 0.846285 0.028846 0.051282
36 0.468685 0.972172 0.028846 0.051282
36 0.394136 0.934798 0.028846 0.051282
36 0.348356 0.816836 0.028846 0.051282
36 0.100549 0.709367 0.028846 0.051282
36 0.380877 0.676274 0.028846 0.051282
36 0.427307 0.592669 0.028846 0.051282
36 0.420981 0.658828 0.028846 0.051282
36 0.304729 0.33106 0.028846 0.051282
36 0.483401 0.581464 0.028846 0.051282
36 0.454835 0.58207 0.028846 0.051282
36 0.480171 0.611329 0.028846 0.051282
36 0.453434 0.584621 0.028846 0.051282
36 0.814854 0.249976 0.028846 0.051282
36 0.860648 0.36519 0.028846 0.051282
36 0.798128 0.258428 0.028846 0.051282
36 0.50151 0.534313 0.028846 0.051282
36 0.529481 0.490669 0.028846 0.051282
36 0.649651 0.860063 0.028846 0.051282
36 0.703114 0.9154 0.028846 0.051282
36 0.618659 0.801851 0.028846 0.051282
36 0.694185 0.871709 0.028846 0.051282
36 0.612101 0.859595 0.028846 0.051282
36 0.596801 0.824709 0.028846 0.051282
36 0.566807 0.76147 0.028846 0.051282
36 0.600828 0.946056 0.028846 0.051282
36 0.595856 0.877209 0.028846 0.051282
36 0.071992 0.567195 0.028846 0.051282
36 0.262439 0.405902 0.028846 0.051282
36 0.252556 0.4047 0.028846 0.051282
36 0.406423 0.140841 0.028846 0.051282
36 0.408561 0.148403 0.028846 0.051282
36 0.406072 0.139407 0.028846 0.051282
