0 0.218655 0.49 0.078125 0.138889
14 0.497384 0.470538 0.0625 0.111111
14 0.790467 0.248047 0.0625 0.111111
14 0.506932 0.426358 0.0625 0.111111
17 0.642478 0.494431 0.0625 0.111111
17 0.503908 0.531257 0.0625 0.111111
1 0.135251 0.874344 0.052083 0.092593
16 0.329023 0.135079 0.078125 0.138889
16 0.445004 0.381166 0.078125 0.138889
36 0.947557 0.854109 0.028846 0.051282
36 0.730916 0.429364 0.028846 0.051282
36 0.904437 0.852363 0.028846 0.051282
36 0.895205 0.551707 0.028846 0.051282
36 0.727301 0.547927 0.028846 0.051282
36 0.647942 0.473631 0.028846 0.051282
36 0.513937 0.301348 0.028846 0.051282
36 0.915785 0.77843 0.028846 0.051282
36 0.209477 0.170598 0.028846 0.051282
36 0.138268 0.30166 0.028846 0.051282
36 0.058178 0.151426 0.028846 0.051282
36 0.70435 0.343685 0.028846 0.051282
36 0.637097 0.282947 0.028846 0.051282
36 0.780023 0.910764 0.028846 0.051282
36 0.697729 0.648973 0.028846 0.051282
36 0.895325 0.866726 0.028846 0.051282
36 0.369327 0.312388 0.028846 0.051282
36 0.765512 0.867229 0.028846 0.051282
36 0.779653 0.849678 0.028846 0.051282
36 0.799136 0.80165 0.028846 0.051282
36 0.095878 0.983749 0.028846 0.051282
36 0.604383 0.565394 0.028846 0.051282
36 0.704629 0.420724 0.028846 0.051282
36 0.60928 0.325061 0.028846 0.051282
36 0.729481 0.536192 0.028846 0.051282
36 0.733916 0.998961 0.028846 0.051282
36 0.598114 0.418071 0.028846 0.051282
36 0.798968 0.838108 0.028846 0.051282
36 0.594513 0.481802 0.028846 0.051282
36 0.492528 0.449687 0.028846 0.051282
36 0.901843 0.285263 0.028846 0.051282
36 0.429908 0.376142 0.028846 0.051282
