0 0.402054 0.49 0.078125 0.138889
1 0.624969 0.559085 0.052083 0.092593
1 0.176137 0.752136 0.052083 0.092593
1 0.161078 0.720865 0.052083 0.092593
1 0.589766 0.141798 0.052083 0.092593
1 0.158089 0.441264 0.052083 0.092593
1 0.492507 0.150784 0.052083 0.092593
1 0.132637 0.745463 0.052083 0.092593
4 0.588649 0.400612 0.052083 0.092593
8 0.836101 0.204808 0.055804 0.099206
2 0.671959 0.868366 0.052083 0.092593
2 0.708374 0.874721 0.052083 0.092593
2 0.732216 0.939209 0.052083 0.092593
2 0.749061 0.918124 0.052083 0.092593
2 0.785558 0.974263 0.052083 0.092593
2 0.759447 0.821529 0.052083 0.092593
2 0.79972 0.893017 0.052083 0.092593
38 0.186224 0.383598 0.052083 0.092593
36 0.575185 0.337643 0.028846 0.051282
36 0.301117 0.482043 0.028846 0.051282
36 0.446629 0.677128 0.028846 0.051282
36 0.180839 0.411559 0.028846 0.051282
36 0.552662 0.480603 0.028846 0.051282
