0 0.5 0.49 0.078125 0.138889
17 0.62516 0.734249 0.0625 0.111111
17 0.661019 0.755426 0.0625 0.111111
17 0.718131 0.697067 0.0625 0.111111
37 0.303601 0.432216 0.041667 0.074074
38 0.205849 0.873072 0.052083 0.092593
36 0.746532 0.539286 0.028846 0.051282
36 0.755662 0.790855 0.028846 0.051282
36 0.796882 0.48931 0.028846 0.051282
36 0.823043 0.310951 0.028846 0.051282
36 0.779924 0.309204 0.028846 0.051282
36 0.770692 0.008548 0.028846 0.051282
36 0.602788 0.004769 0.028846 0.051282
36 0.795473 0.844233 0.028846 0.051282
36 0.198949 0.809777 0.028846 0.051282
36 0.742924 0.748138 0.028846 0.051282
36 0.837311 0.527544 0.028846 0.051282
36 0.285838 0.072693 0.028846 0.051282
36 0.530046 0.79297 0.028846 0.051282
36 0.791272 0.235271 0.028846 0.051282
36 0.219831 0.753957 0.028846 0.051282
36 0.18372 0.026063 0.028846 0.051282
36 0.695032 0.807901 0.028846 0.051282
36 0.186267 0.532174 0.028846 0.051282
36 0.920416 0.500009 0.028846 0.051282
36 0.65551 0.367605 0.028846 0.051282
36 0.014281 0.744886 0.028846 0.051282
36 0.573215 0.105815 0.028846 0.051282
36 0.770812 0.323567 0.028846 0.051282
36 0.880196 0.073584 0.028846 0.051282
