0 0.486832 0.49 0.078125 0.138889
14 0.890079 0.360279 0.0625 0.111111
17 0.377509 0.027365 0.0625 0.111111
17 0.40541 0.003176 0.0625 0.111111
1 0.970236 0.713024 0.052083 0.092593
1 0.983011 0.755038 0.052083 0.092593
1 0.990886 0.842676 0.052083 0.092593
38 0.330362 0.941662 0.052083 0.092593
36 0.871045 0.607876 0.028846 0.051282
36 0.880175 0.859445 0.028846 0.051282
36 0.921396 0.557901 0.028846 0.051282
36 0.947557 0.379541 0.028846 0.051282
36 0.904437 0.377794 0.028846 0.051282
36 0.895205 0.077139 0.028846 0.051282
36 0.919987 0.912823 0.028846 0.051282
36 0.323462 0.878367 0.028846 0.051282
36 0.867437 0.816728 0.028846 0.051282
36 0.961825 0.596135 0.028846 0.051282
36 0.654559 0.861561 0.028846 0.051282
36 0.915785 0.303861 0.028846 0.051282
36 0.344344 0.822547 0.028846 0.051282
36 0.819546 0.876492 0.028846 0.051282
36 0.138794 0.813476 0.028846 0.051282
36 0.895325 0.392157 0.028846 0.051282
36 0.095878 0.509181 0.028846 0.051282
36 0.733916 0.524392 0.028846 0.051282
36 0.6223 0.647912 0.028846 0.051282
36 0.740169 0.570679 0.028846 0.051282
36 0.332108 0.690017 0.028846 0.051282
36 0.46108 0.803512 0.028846 0.051282
36 0.693482 0.878889 0.028846 0.051282
36 0.653531 0.872814 0.028846 0.051282
36 0.934918 0.004985 0.028846 0.051282
36 0.44702 0.244735 0.028846 0.051282
36 0.82226 0.02938 0.028846 0.051282
36 0.643698 0.041946 0.028846 0.051282
36 0.625091 0.048295 0.028846 0.051282
36 0.650756 0.010049 0.028846 0.051282
36 0.691209 0.00931 0.028846 0.051282
36 0.884687 0.166182 0.028846 0.051282
36 0.895521 0.141477 0.028846 0.051282
