0 0.303625 0.49 0.078125 0.138889
14 0.56278 0.428421 0.0625 0.111111
14 0.550459 0.39218 0.0625 0.111111
3 0.416363 0.623015 0.052083 0.092593
3 0.43537 0.559423 0.052083 0.092593
3 0.736478 0.657488 0.052083 0.092593
1 0.534319 0.444337 0.052083 0.092593
1 0.493678 0.505209 0.052083 0.092593
1 0.480908 0.469892 0.052083 0.092593
1 0.542991 0.482917 0.052083 0.092593
1 0.508588 0.403125 0.052083 0.092593
1 0.457443 0.456356 0.052083 0.092593
1 0.500647 0.443227 0.052083 0.092593
1 0.477253 0.429536 0.052083 0.092593
1 0.513261 0.478618 0.052083 0.092593
1 0.33173 0.803071 0.052083 0.092593
1 0.268049 0.690261 0.052083 0.092593
1 0.244663 0.932584 0.052083 0.092593
1 0.332945 0.75921 0.052083 0.092593
1 0.311499 0.824423 0.052083 0.092593
1 0.266899 0.734201 0.052083 0.092593
1 0.273895 0.837786 0.052083 0.092593
1 0.238023 0.702576 0.052083 0.092593
1 0.247073 0.874929 0.052083 0.092593
1 0.2189 0.927502 0.052083 0.092593
1 0.263873 0.905938 0.052083 0.092593
1 0.271667 0.94754 0.052083 0.092593
3 0.471772 0.863052 0.052083 0.092593
36 0.660677 0.804776 0.028846 0.051282
36 0.773886 0.826153 0.028846 0.051282
36 0.79832 0.853119 0.028846 0.051282
36 0.837888 0.784169 0.028846 0.051282
36 0.828359 0.639488 0.028846 0.051282
36 0.759174 0.687344 0.028846 0.051282
36 0.675703 0.50589 0.028846 0.051282
36 0.650865 0.476563 0.028846 0.051282
36 0.629168 0.445659 0.028846 0.051282
36 0.329931 0.36686 0.028846 0.051282
