0 0.446017 0.49 0.078125 0.138889
1 0.588883 0.582295 0.052083 0.092593
1 0.51315 0.868388 0.052083 0.092593
1 0.822502 0.213324 0.052083 0.092593
1 0.191788 0.821967 0.052083 0.092593
1 0.860331 0.210807 0.052083 0.092593
1 0.635699 0.256852 0.052083 0.092593
1 0.73138 0.217854 0.052083 0.092593
1 0.911339 0.196495 0.052083 0.092593
2 0.254528 0.860059 0.052083 0.092593
2 0.246131 0.809741 0.052083 0.092593
2 0.223916 0.810285 0.052083 0.092593
2 0.273141 0.78063 0.052083 0.092593
36 0.699993 0.463834 0.028846 0.051282
36 0.48832 0.283256 0.028846 0.051282
36 0.720641 0.703547 0.028846 0.051282
36 0.616525 0.734073 0.028846 0.051282
36 0.529634 0.385271 0.028846 0.051282
36 0.631231 0.775148 0.028846 0.051282
36 0.501731 0.628004 0.028846 0.051282
36 0.109349 0.453145 0.028846 0.051282
36 0.152181 0.249174 0.028846 0.051282
36 0.394551 0.691008 0.028846 0.051282
36 0.381853 0.730079 0.028846 0.051282
36 0.416589 0.337972 0.028846 0.051282
36 0.456624 0.592647 0.028846 0.051282
