0 0.329479 0.49 0.078125 0.138889
1 0.511207 0.099192 0.052083 0.092593
1 0.535001 0.103849 0.052083 0.092593
1 0.567066 0.058967 0.052083 0.092593
1 0.534496 0.053274 0.052083 0.092593
1 0.508116 0.149036 0.052083 0.092593
1 0.555691 0.158586 0.052083 0.092593
1 0.478503 0.160797 0.052083 0.092593
1 0.530407 0.163689 0.052083 0.092593
3 0.765881 0.412081 0.052083 0.092593
14 0.776292 0.120641 0.0625 0.111111
1 0.504663 0.52815 0.052083 0.092593
1 0.444025 0.53925 0.052083 0.092593
1 0.550922 0.577433 0.052083 0.092593
1 0.474175 0.504886 0.052083 0.092593
1 0.563646 0.438968 0.052083 0.092593
1 0.528688 0.549373 0.052083 0.092593
35 0.467036 0.740887 0.083705 0.14881
36 0.927986 0.136321 0.028846 0.051282
36 0.551631 0.520213 0.028846 0.051282
36 0.594047 0.086231 0.028846 0.051282
36 0.560464 0.062818 0.028846 0.051282
36 0.479448 0.439238 0.028846 0.051282
36 0.467895 0.429994 0.028846 0.051282
36 0.422562 0.515841 0.028846 0.051282
