0 0.54559 0.49 0.078125 0.138889
1 0.169483 0.304377 0.052083 0.092593
1 0.135646 0.486817 0.052083 0.092593
1 0.721797 0.313217 0.052083 0.092593
16 0.721963 0.366037 0.078125 0.138889
16 0.698197 0.804508 0.078125 0.138889
14 0.03478 0.773635 0.0625 0.111111
14 0.84757 0.571671 0.0625 0.111111
35 0.869945 0.676604 0.083705 0.14881
37 0.860873 0.282172 0.041667 0.074074
36 0.704378 0.807242 0.028846 0.051282
36 0.754729 0.757266 0.028846 0.051282
36 0.78089 0.578907 0.028846 0.051282
36 0.56425 0.154162 0.028846 0.051282
36 0.73777 0.57716 0.028846 0.051282
36 0.728539 0.276504 0.028846 0.051282
36 0.795158 0.7955 0.028846 0.051282
36 0.749119 0.503227 0.028846 0.051282
36 0.537683 0.068482 0.028846 0.051282
36 0.470431 0.007744 0.028846 0.051282
36 0.878263 0.767965 0.028846 0.051282
36 0.600084 0.601294 0.028846 0.051282
36 0.728658 0.591523 0.028846 0.051282
36 0.836793 0.336865 0.028846 0.051282
36 0.567022 0.500395 0.028846 0.051282
36 0.442614 0.049859 0.028846 0.051282
36 0.567249 0.723758 0.028846 0.051282
36 0.455633 0.847278 0.028846 0.051282
36 0.589725 0.514199 0.028846 0.051282
36 0.573502 0.770045 0.028846 0.051282
36 0.735177 0.010061 0.028846 0.051282
36 0.165441 0.889382 0.028846 0.051282
36 0.768252 0.204351 0.028846 0.051282
36 0.692157 0.073426 0.028846 0.051282
36 0.280353 0.444101 0.028846 0.051282
36 0.461677 0.138141 0.028846 0.051282
36 0.655593 0.228745 0.028846 0.051282
36 0.477032 0.241312 0.028846 0.051282
36 0.459117 0.164522 0.028846 0.051282
36 0.458424 0.247661 0.028846 0.051282
36 0.48409 0.209415 0.028846 0.051282
36 0.524543 0.208676 0.028846 0.051282
36 0.48475 0.16305 0.028846 0.051282
