0 0.341899 0.88993 0.078125 0.138889
3 0.389775 0.440582 0.052083 0.092593
1 0.252197 0.520219 0.052083 0.092593
1 0.24265 0.562765 0.052083 0.092593
1 0.284173 0.482971 0.052083 0.092593
1 0.260481 0.479674 0.052083 0.092593
1 0.275733 0.523724 0.052083 0.092593
14 0.386076 0.587362 0.0625 0.111111
14 0.690395 0.786894 0.0625 0.111111
14 0.707033 0.685331 0.0625 0.111111
14 0.215362 0.56243 0.0625 0.111111
1 0.640004 0.081552 0.052083 0.092593
1 0.640764 0.003431 0.052083 0.092593
1 0.580801 0.096612 0.052083 0.092593
1 0.536078 0.092665 0.052083 0.092593
3 0.606844 0.113548 0.052083 0.092593
3 0.324627 0.009312 0.052083 0.092593
14 0.361538 0.424242 0.0625 0.111111
36 0.927986 0.134668 0.028846 0.051282
36 0.594047 0.084578 0.028846 0.051282
36 0.560464 0.061164 0.028846 0.051282
36 0.955205 0.33042 0.028846 0.051282
36 0.774359 0.354929 0.028846 0.051282
36 0.946033 0.018958 0.028846 0.051282
36 0.672218 0.239959 0.028846 0.051282
36 0.806922 0.431875 0.028846 0.051282
36 0.778631 0.251375 0.028846 0.051282
36 0.685495 0.140456 0.028846 0.051282
36 0.613509 0.015203 0.028846 0.051282
36 0.488104 0.071263 0.028846 0.051282
36 0.489491 0.040739 0.028846 0.051282
36 0.460401 0.004025 0.028846 0.051282
36 0.497551 0.11085 0.028846 0.051282
36 0.444818 0.191413 0.028846 0.051282
36 0.463504 0.182752 0.028846 0.051282
36 0.488347 0.295684 0.028846 0.051282
36 0.4662 0.272607 0.028846 0.051282
36 0.599846 0.196196 0.028846 0.051282
36 0.663821 0.26573 0.028846 0.051282
36 0.661005 0.224033 0.028846 0.051282
36 0.633386 0.29453 0.028846 0.051282
36 0.627615 0.351149 0.028846 0.051282
36 0.638026 0.282124 0.028846 0.051282
36 0.69868 0.352246 0.028846 0.051282
36 0.705279 0.353366 0.028846 0.051282
36 0.653735 0.297377 0.028846 0.051282
36 0.617157 0.551773 0.028846 0.051282
36 0.569522 0.606561 0.028846 0.051282
36 0.535538 0.592504 0.028846 0.051282
36 0.521227 0.523344 0.028846 0.051282
36 0.51489 0.645233 0.028846 0.051282
36 0.542714 0.665472 0.028846 0.051282
36 0.566919 0.56709 0.028846 0.051282
36 0.551841 0.554197 0.028846 0.051282
36 0.345881 0.24652 0.028846 0.051282
36 0.462226 0.560845 0.028846 0.051282
36 0.492592 0.48403 0.028846 0.051282
36 0.325587 0.323309 0.028846 0.051282
