0 0.5 0.49 0.078125 0.138889
1 0.240715 0.475905 0.052083 0.092593
1 0.21908 0.490405 0.052083 0.092593
1 0.232936 0.423652 0.052083 0.092593
1 0.284552 0.740459 0.052083 0.092593
23 0.937885 0.06205 0.052083 0.092593
1 0.845382 0.002483 0.052083 0.092593
1 0.865671 0.302559 0.052083 0.092593
36 0.849432 0.0022 0.028846 0.051282
36 0.796417 0.01567 0.028846 0.051282
36 0.189355 0.293812 0.028846 0.051282
36 0.444989 0.211419 0.028846 0.051282
36 0.180189 0.113797 0.028846 0.051282
36 0.203763 0.057869 0.028846 0.051282
36 0.178779 0.153207 0.028846 0.051282
36 0.201551 0.123629 0.028846 0.051282
36 0.169183 0.542495 0.028846 0.051282
36 0.263561 0.24508 0.028846 0.051282
36 0.202204 0.326339 0.028846 0.051282
36 0.26799 0.484603 0.028846 0.051282
36 0.285401 0.391069 0.028846 0.051282
36 0.296231 0.396147 0.028846 0.051282
36 0.286114 0.372907 0.028846 0.051282
36 0.186384 0.243332 0.028846 0.051282
36 0.20844 0.21811 0.028846 0.051282
36 0.378778 0.268108 0.028846 0.051282
36 0.252721 0.152766 0.028846 0.051282
36 0.327479 0.620792 0.028846 0.051282
36 0.327782 0.73933 0.028846 0.051282
36 0.307193 0.609287 0.028846 0.051282
36 0.274383 0.530983 0.028846 0.051282
