0 0.092252 0.332258 0.078125 0.138889
6 0.60992 0.94392 0.117188 0.208333
1 0.32419 0.983063 0.052083 0.092593
3 0.343766 0.965019 0.052083 0.092593
6 0.451851 0.894444 0.117188 0.208333
6 0.559192 0.747555 0.117188 0.208333
18 0.275579 0.87132 0.117188 0.208333
3 0.28573 0.989528 0.052083 0.092593
1 0.277577 0.962542 0.052083 0.092593
1 0.23199 0.934159 0.052083 0.092593
1 0.259219 0.987969 0.052083 0.092593
1 0.291362 0.928298 0.052083 0.092593
1 0.259938 0.908107 0.052083 0.092593
3 0.258592 0.931789 0.052083 0.092593
1 0.254839 0.864867 0.052083 0.092593
6 0.878824 0.813565 0.117188 0.208333
1 0.301301 0.969044 0.052083 0.092593
1 0.237273 0.891979 0.052083 0.092593
1 0.197229 0.834588 0.052083 0.092593
1 0.373168 0.911152 0.052083 0.092593
1 0.352521 0.885582 0.052083 0.092593
1 0.415761 0.973899 0.052083 0.092593
1 0.352947 0.931357 0.052083 0.092593
1 0.386551 0.974711 0.052083 0.092593
1 0.326551 0.921988 0.052083 0.092593
18 0.379328 0.746502 0.117188 0.208333
1 0.190627 0.745859 0.052083 0.092593
1 0.361506 0.833329 0.052083 0.092593
1 0.245584 0.823747 0.052083 0.092593
3 0.685788 0.638104 0.052083 0.092593
13 0.706659 0.779351 0.0625 0.111111
1 0.583602 0.675151 0.052083 0.092593
1 0.561763 0.713301 0.052083 0.092593
1 0.531025 0.66429 0.052083 0.092593
1 0.591371 0.71726 0.052083 0.092593
6 0.077198 0.755639 0.117188 0.208333
6 0.889006 0.418247 0.117188 0.208333
6 0.439153 0.77312 0.117188 0.208333
6 0.733557 0.767203 0.117188 0.208333
1 0.39893 0.815808 0.052083 0.092593
1 0.405465 0.858319 0.052083 0.092593
1 0.375566 0.800822 0.052083 0.092593
1 0.395699 0.898413 0.052083 0.092593
1 0.381528 0.862413 0.052083 0.092593
3 0.477704 0.837928 0.052083 0.092593
3 0.253511 0.511976 0.052083 0.092593
1 0.197959 0.476625 0.052083 0.092593
38 0.666806 0.344759 0.052083 0.092593
37 0.313893 0.534177 0.041667 0.074074
37 0.417296 0.565133 0.041667 0.074074
38 0.981696 0.421718 0.052083 0.092593
36 0.371658 0.311736 0.028846 0.051282
36 0.322768 0.349606 0.028846 0.051282
36 0.295663 0.473311 0.028846 0.051282
36 0.343794 0.756141 0.028846 0.051282
36 0.595186 0.712566 0.028846 0.051282
36 0.597713 0.656119 0.028846 0.051282
36 0.422483 0.493583 0.028846 0.051282
36 0.700304 0.706776 0.028846 0.051282
36 0.712064 0.913295 0.028846 0.051282
36 0.515023 0.883846 0.028846 0.051282
36 0.267216 0.776377 0.028846 0.051282
36 0.547544 0.743285 0.028846 0.051282
36 0.593974 0.659679 0.028846 0.051282
36 0.587648 0.725839 0.028846 0.051282
36 0.471396 0.39807 0.028846 0.051282
36 0.650067 0.648474 0.028846 0.051282
36 0.621502 0.649081 0.028846 0.051282
36 0.646838 0.67834 0.028846 0.051282
36 0.620101 0.651631 0.028846 0.051282
36 0.98152 0.316987 0.028846 0.051282
36 0.964794 0.325438 0.028846 0.051282
36 0.871234 0.16127 0.028846 0.051282
36 0.851358 0.191838 0.028846 0.051282
36 0.859662 0.191033 0.028846 0.051282
36 0.668177 0.601324 0.028846 0.051282
36 0.696148 0.557679 0.028846 0.051282
36 0.927182 0.69647 0.028846 0.051282
36 0.816318 0.927073 0.028846 0.051282
36 0.869781 0.98241 0.028846 0.051282
36 0.785326 0.868861 0.028846 0.051282
36 0.860852 0.93872 0.028846 0.051282
36 0.778768 0.926605 0.028846 0.051282
36 0.763468 0.891719 0.028846 0.051282
36 0.733474 0.828481 0.028846 0.051282
36 0.762522 0.944219 0.028846 0.051282
