0 0.5 0.49 0.078125 0.138889
12 0.800812 0.710933 0.052083 0.092593
23 0.289086 0.77779 0.052083 0.092593
1 0.380042 0.064162 0.052083 0.092593
1 0.757498 0.673743 0.052083 0.092593
1 0.728402 0.443767 0.052083 0.092593
1 0.598025 0.041334 0.052083 0.092593
1 0.390525 0.025499 0.052083 0.092593
1 0.204156 0.296273 0.052083 0.092593
1 0.643111 0.048947 0.052083 0.092593
1 0.552971 0.693567 0.052083 0.092593
1 0.105219 0.529408 0.052083 0.092593
1 0.48234 0.726722 0.052083 0.092593
1 0.072166 0.413645 0.052083 0.092593
1 0.309988 0.835273 0.052083 0.092593
37 0.307236 0.367258 0.041667 0.074074
36 0.482832 0.888967 0.028846 0.051282
36 0.505663 0.004568 0.028846 0.051282
36 0.229857 0.335643 0.028846 0.051282
36 0.388455 0.532478 0.028846 0.051282
36 0.367866 0.402435 0.028846 0.051282
36 0.804532 0.21852 0.028846 0.051282
36 0.887415 0.190426 0.028846 0.051282
36 0.589305 0.176707 0.028846 0.051282
36 0.57899 0.175585 0.028846 0.051282
36 0.635936 0.120063 0.028846 0.051282
36 0.688496 0.133198 0.028846 0.051282
36 0.578286 0.203032 0.028846 0.051282
36 0.605054 0.31937 0.028846 0.051282
36 0.169515 0.095467 0.028846 0.051282
36 0.189084 0.306174 0.028846 0.051282
36 0.483728 0.011229 0.028846 0.051282
36 0.310742 0.408974 0.028846 0.051282
36 0.297251 0.372958 0.028846 0.051282
36 0.274952 0.33863 0.028846 0.051282
36 0.224957 0.242362 0.028846 0.051282
36 0.338448 0.350697 0.028846 0.051282
36 0.340605 0.522865 0.028846 0.051282
36 0.502785 0.099965 0.028846 0.051282
36 0.541468 0.120228 0.028846 0.051282
36 0.378862 0.521005 0.028846 0.051282
36 0.515567 0.228637 0.028846 0.051282
36 0.523581 0.193498 0.028846 0.051282
36 0.561538 0.219192 0.028846 0.051282
36 0.50317 0.320005 0.028846 0.051282
36 0.589172 0.366934 0.028846 0.051282
36 0.506786 0.277727 0.028846 0.051282
36 0.414735 0.341807 0.028846 0.051282
36 0.635531 0.567814 0.028846 0.051282
36 0.411508 0.577274 0.028846 0.051282
36 0.571636 0.250559 0.028846 0.051282
