0 0.5 0.49 0.078125 0.138889
8 0.489723 0.103146 0.055804 0.099206
19 0.860524 0.277829 0.078125 0.138889
19 0.744083 0.768188 0.078125 0.138889
2 0.324101 0.215013 0.052083 0.092593
2 0.305584 0.231981 0.052083 0.092593
4 0.917293 0.529949 0.052083 0.092593
4 0.008896 0.226274 0.052083 0.092593
4 0.949425 0.263573 0.052083 0.092593
4 0.69881 0.862078 0.052083 0.092593
37 0.145228 0.815433 0.041667 0.074074
37 0.381601 0.117158 0.041667 0.074074
36 0.935165 0.094382 0.028846 0.051282
36 0.789725 0.454976 0.028846 0.051282
36 0.176837 0.829287 0.028846 0.051282
36 0.625277 0.869186 0.028846 0.051282
36 0.710467 0.814308 0.028846 0.051282
36 0.741805 0.785999 0.028846 0.051282
36 0.309725 0.413893 0.028846 0.051282
36 0.404948 0.568454 0.028846 0.051282
36 0.490088 0.4028 0.028846 0.051282
36 0.259419 0.396941 0.028846 0.051282
36 0.246977 0.448196 0.028846 0.051282
36 0.099341 0.277715 0.028846 0.051282
36 0.272091 0.399347 0.028846 0.051282
36 0.364834 0.330489 0.028846 0.051282
36 0.275651 0.370576 0.028846 0.051282
36 0.169328 0.280881 0.028846 0.051282
36 0.186711 0.233809 0.028846 0.051282
36 0.182695 0.233289 0.028846 0.051282
36 0.159124 0.146685 0.028846 0.051282
36 0.079606 0.084665 0.028846 0.051282
36 0.061857 0.130514 0.028846 0.051282
36 0.221696 0.038457 0.028846 0.051282
36 0.338284 0.178425 0.028846 0.051282
36 0.390871 0.175161 0.028846 0.051282
36 0.390549 0.09849 0.028846 0.051282
36 0.391833 0.208795 0.028846 0.051282
36 0.402664 0.209429 0.028846 0.051282
36 0.681927 0.021498 0.028846 0.051282
36 0.514507 0.154521 0.028846 0.051282
36 0.49858 0.122243 0.028846 0.051282
36 0.539024 0.180022 0.028846 0.051282
36 0.499688 0.061299 0.028846 0.051282
36 0.48759 0.226917 0.028846 0.051282
36 0.493198 0.093371 0.028846 0.051282
36 0.458731 0.240404 0.028846 0.051282
36 0.375625 0.24438 0.028846 0.051282
36 0.375388 0.356687 0.028846 0.051282
