0 0.26295 0.49 0.078125 0.138889
1 0.653363 0.698528 0.052083 0.092593
1 0.642063 0.60529 0.052083 0.092593
1 0.612881 0.587597 0.052083 0.092593
1 0.715259 0.260397 0.052083 0.092593
1 0.692528 0.448947 0.052083 0.092593
2 0.73594 0.095521 0.052083 0.092593
2 0.713947 0.108193 0.052083 0.092593
2 0.79507 0.066454 0.052083 0.092593
2 0.775354 0.033892 0.052083 0.092593
37 0.146143 0.536365 0.041667 0.074074
36 0.236094 0.979513 0.028846 0.051282
36 0.177195 0.322579 0.028846 0.051282
36 0.324123 0.346832 0.028846 0.051282
36 0.32184 0.274287 0.028846 0.051282
36 0.287113 0.186095 0.028846 0.051282
