0 0.503537 0.474282 0.078125 0.138889
1 0.378925 0.976945 0.052083 0.092593
1 0.410194 0.944074 0.052083 0.092593
1 0.355341 0.97612 0.052083 0.092593
1 0.33438 0.998491 0.052083 0.092593
3 0.293591 0.464124 0.052083 0.092593
1 0.343755 0.701574 0.052083 0.092593
1 0.326643 0.593594 0.052083 0.092593
1 0.308497 0.646028 0.052083 0.092593
1 0.302377 0.565958 0.052083 0.092593
1 0.294702 0.610732 0.052083 0.092593
1 0.335412 0.553464 0.052083 0.092593
14 0.865472 0.484855 0.0625 0.111111
36 0.76132 0.823556 0.028846 0.051282
36 0.384812 0.733511 0.028846 0.051282
36 0.302011 0.654779 0.028846 0.051282
36 0.329979 0.549795 0.028846 0.051282
36 0.311798 0.574762 0.028846 0.051282
36 0.359204 0.56295 0.028846 0.051282
