0 0.738895 0.49 0.078125 0.138889
1 0.546004 0.463689 0.052083 0.092593
1 0.300979 0.887133 0.052083 0.092593
1 0.135426 0.306888 0.052083 0.092593
1 0.794196 0.660774 0.052083 0.092593
1 0.526407 0.856579 0.052083 0.092593
1 0.572401 0.837492 0.052083 0.092593
1 0.371947 0.921933 0.052083 0.092593
1 0.596421 0.941418 0.052083 0.092593
2 0.142498 0.437187 0.052083 0.092593
2 0.502975 0.579303 0.052083 0.092593
36 0.770412 0.512736 0.028846 0.051282
36 0.716699 0.674748 0.028846 0.051282
36 0.7711 0.073303 0.028846 0.051282
36 0.532574 0.470163 0.028846 0.051282
36 0.755707 0.928303 0.028846 0.051282
