0 0.315975 0.836515 0.078125 0.138889
6 0.702524 0.592438 0.117188 0.208333
6 0.780764 0.215254 0.117188 0.208333
1 0.701173 0.259626 0.052083 0.092593
3 0.644725 0.3852 0.052083 0.092593
6 0.741039 0.065876 0.117188 0.208333
6 0.641683 0.179643 0.117188 0.208333
18 0.680813 0.359501 0.117188 0.208333
3 0.609106 0.441875 0.052083 0.092593
1 0.6369 0.374207 0.052083 0.092593
1 0.623218 0.315833 0.052083 0.092593
1 0.590671 0.449605 0.052083 0.092593
1 0.67653 0.315119 0.052083 0.092593
1 0.556209 0.517128 0.052083 0.092593
3 0.628894 0.389358 0.052083 0.092593
3 0.645851 0.424764 0.052083 0.092593
1 0.629055 0.272889 0.052083 0.092593
6 0.644715 0.645234 0.117188 0.208333
6 0.808501 0.26315 0.117188 0.208333
1 0.563526 0.605251 0.052083 0.092593
1 0.608852 0.414015 0.052083 0.092593
3 0.630989 0.41638 0.052083 0.092593
1 0.661602 0.464691 0.052083 0.092593
1 0.661141 0.377473 0.052083 0.092593
1 0.661705 0.421699 0.052083 0.092593
1 0.659488 0.245986 0.052083 0.092593
18 0.723 0.220017 0.117188 0.208333
18 0.690011 0.287321 0.117188 0.208333
1 0.656122 0.288666 0.052083 0.092593
3 0.678813 0.371273 0.052083 0.092593
13 0.881626 0.003505 0.0625 0.111111
6 0.788172 0.318585 0.117188 0.208333
6 0.61851 0.740749 0.117188 0.208333
6 0.721276 0.560418 0.117188 0.208333
6 0.662015 0.33778 0.117188 0.208333
1 0.639409 0.485199 0.052083 0.092593
1 0.684695 0.230879 0.052083 0.092593
3 0.692237 0.313338 0.052083 0.092593
3 0.591299 0.496334 0.052083 0.092593
1 0.595095 0.32692 0.052083 0.092593
1 0.612866 0.371276 0.052083 0.092593
1 0.641938 0.219471 0.052083 0.092593
1 0.704779 0.205271 0.052083 0.092593
3 0.572753 0.535631 0.052083 0.092593
3 0.589049 0.390907 0.052083 0.092593
1 0.529848 0.463096 0.052083 0.092593
1 0.569628 0.404192 0.052083 0.092593
1 0.58842 0.375452 0.052083 0.092593
1 0.532724 0.579633 0.052083 0.092593
6 0.91463 0.128834 0.117188 0.208333
6 0.558268 0.651693 0.117188 0.208333
18 0.771979 0.477711 0.117188 0.208333
3 0.688631 0.666339 0.052083 0.092593
3 0.517478 0.310592 0.052083 0.092593
1 0.462202 0.618464 0.052083 0.092593
3 0.719213 0.229995 0.052083 0.092593
3 0.477242 0.461786 0.052083 0.092593
1 0.846854 0.711743 0.052083 0.092593
1 0.374797 0.075133 0.052083 0.092593
3 0.234902 0.03136 0.052083 0.092593
3 0.931086 0.606475 0.052083 0.092593
1 0.229054 0.142307 0.052083 0.092593
1 0.275224 0.322017 0.052083 0.092593
1 0.154141 0.054136 0.052083 0.092593
1 0.249292 0.270909 0.052083 0.092593
1 0.189309 0.109882 0.052083 0.092593
6 0.36804 0.312729 0.117188 0.208333
6 0.909941 0.407729 0.117188 0.208333
1 0.249176 0.311719 0.052083 0.092593
35 0.52502 0.320624 0.083705 0.14881
35 0.174121 0.299402 0.083705 0.14881
37 0.546043 0.381085 0.041667 0.074074
36 0.343794 0.067252 0.028846 0.051282
36 0.595186 0.023677 0.028846 0.051282
36 0.346469 0.35362 0.028846 0.051282
36 0.700304 0.017887 0.028846 0.051282
36 0.712064 0.224407 0.028846 0.051282
36 0.635351 0.350293 0.028846 0.051282
36 0.560803 0.312919 0.028846 0.051282
36 0.515023 0.194957 0.028846 0.051282
36 0.267216 0.087488 0.028846 0.051282
36 0.547544 0.054396 0.028846 0.051282
36 0.587648 0.03695 0.028846 0.051282
36 0.816318 0.238184 0.028846 0.051282
36 0.785326 0.179973 0.028846 0.051282
36 0.860852 0.249831 0.028846 0.051282
36 0.778768 0.237716 0.028846 0.051282
36 0.763468 0.202831 0.028846 0.051282
36 0.733474 0.139592 0.028846 0.051282
36 0.762522 0.25533 0.028846 0.051282
36 0.22461 0.391435 0.028846 0.051282
36 0.271884 0.481689 0.028846 0.051282
36 0.263302 0.407883 0.028846 0.051282
36 0.254193 0.463814 0.028846 0.051282
36 0.252579 0.424705 0.028846 0.051282
36 0.848011 0.049326 0.028846 0.051282
36 0.880117 0.163472 0.028846 0.051282
36 0.61212 0.436166 0.028846 0.051282
36 0.593813 0.45285 0.028846 0.051282
36 0.578704 0.50365 0.028846 0.051282
36 0.463737 0.547029 0.028846 0.051282
36 0.457509 0.581475 0.028846 0.051282
36 0.468709 0.531124 0.028846 0.051282
36 0.396471 0.582483 0.028846 0.051282
