0 0.458773 0.49 0.078125 0.138889
17 0.414309 0.13244 0.0625 0.111111
17 0.331493 0.200108 0.0625 0.111111
1 0.867486 0.712242 0.052083 0.092593
1 0.89857 0.547972 0.052083 0.092593
17 0.747717 0.088672 0.0625 0.111111
17 0.862137 0.386076 0.0625 0.111111
17 0.768015 0.100868 0.0625 0.111111
38 0.330362 0.867377 0.052083 0.092593
36 0.871045 0.533591 0.028846 0.051282
36 0.880175 0.78516 0.028846 0.051282
36 0.921396 0.483615 0.028846 0.051282
36 0.947557 0.305255 0.028846 0.051282
36 0.904437 0.303509 0.028846 0.051282
36 0.895205 0.002853 0.028846 0.051282
36 0.919987 0.838538 0.028846 0.051282
36 0.323462 0.804081 0.028846 0.051282
36 0.867437 0.742442 0.028846 0.051282
36 0.961825 0.521849 0.028846 0.051282
36 0.654559 0.787275 0.028846 0.051282
36 0.915785 0.229576 0.028846 0.051282
36 0.344344 0.748261 0.028846 0.051282
36 0.819546 0.802206 0.028846 0.051282
36 0.138794 0.73919 0.028846 0.051282
36 0.895325 0.317872 0.028846 0.051282
36 0.095878 0.434895 0.028846 0.051282
36 0.733916 0.450107 0.028846 0.051282
36 0.740169 0.496393 0.028846 0.051282
36 0.332108 0.615731 0.028846 0.051282
36 0.693482 0.804603 0.028846 0.051282
36 0.653531 0.798528 0.028846 0.051282
36 0.44702 0.170449 0.028846 0.051282
36 0.884687 0.091896 0.028846 0.051282
36 0.895521 0.067192 0.028846 0.051282
