0 0.692192 0.49 0.078125 0.138889
15 0.374817 0.345301 0.078125 0.138889
2 0.224849 0.016594 0.052083 0.092593
2 0.21362 0.072504 0.052083 0.092593
2 0.275335 0.065718 0.052083 0.092593
2 0.21319 0.178416 0.052083 0.092593
2 0.240864 0.091053 0.052083 0.092593
2 0.273244 0.027535 0.052083 0.092593
2 0.232262 0.053731 0.052083 0.092593
36 0.464574 0.487608 0.028846 0.051282
36 0.855281 0.421928 0.028846 0.051282
36 0.762245 0.378723 0.028846 0.051282
36 0.715433 0.478695 0.028846 0.051282
36 0.320556 0.189616 0.028846 0.051282
36 0.333815 0.352055 0.028846 0.051282
36 0.209423 0.000393 0.028846 0.051282
36 0.366924 0.271579 0.028846 0.051282
36 0.294351 0.204358 0.028846 0.051282
