0 0.504069 0.49 0.078125 0.138889
1 0.217604 0.33673 0.052083 0.092593
17 0.310073 0.38458 0.0625 0.111111
17 0.245232 0.533054 0.0625 0.111111
17 0.58545 0.163175 0.0625 0.111111
1 0.033371 0.561757 0.052083 0.092593
1 0.426392 0.135667 0.052083 0.092593
16 0.095522 0.231572 0.078125 0.138889
37 0.860873 0.458753 0.041667 0.074074
37 0.905804 0.882654 0.041667 0.074074
38 0.338545 0.873634 0.052083 0.092593
36 0.704378 0.983824 0.028846 0.051282
36 0.754729 0.933848 0.028846 0.051282
36 0.78089 0.755488 0.028846 0.051282
36 0.795158 0.972082 0.028846 0.051282
36 0.878263 0.944546 0.028846 0.051282
36 0.573502 0.946627 0.028846 0.051282
36 0.423072 0.03608 0.028846 0.051282
36 0.280353 0.620682 0.028846 0.051282
36 0.887118 0.944159 0.028846 0.051282
36 0.886795 0.987108 0.028846 0.051282
36 0.885794 0.987508 0.028846 0.051282
36 0.321115 0.700092 0.028846 0.051282
36 0.269888 0.749841 0.028846 0.051282
36 0.292105 0.653221 0.028846 0.051282
36 0.047302 0.774158 0.028846 0.051282
36 0.11359 0.384176 0.028846 0.051282
36 0.446247 0.982489 0.028846 0.051282
36 0.092712 0.45618 0.028846 0.051282
36 0.459351 0.806339 0.028846 0.051282
36 0.409776 0.847251 0.028846 0.051282
36 0.377748 0.872283 0.028846 0.051282
36 0.082815 0.172609 0.028846 0.051282
36 0.129898 0.554595 0.028846 0.051282
36 0.873154 0.341645 0.028846 0.051282
36 0.914777 0.870561 0.028846 0.051282
36 0.248749 0.040783 0.028846 0.051282
36 0.755992 0.569799 0.028846 0.051282
36 0.799393 0.424427 0.028846 0.051282
36 0.483614 0.805587 0.028846 0.051282
36 0.413649 0.842279 0.028846 0.051282
36 0.389243 0.924971 0.028846 0.051282
36 0.410515 0.921631 0.028846 0.051282
36 0.370197 0.573567 0.028846 0.051282
36 0.777937 0.883741 0.028846 0.051282
36 0.499932 0.122001 0.028846 0.051282
36 0.702964 0.360987 0.028846 0.051282
