0 0.937465 0.49 0.078125 0.138889
12 0.453734 0.374546 0.052083 0.092593
1 0.684347 0.732602 0.052083 0.092593
1 0.685055 0.690528 0.052083 0.092593
1 0.663375 0.711727 0.052083 0.092593
4 0.692176 0.778294 0.052083 0.092593
4 0.717807 0.759484 0.052083 0.092593
4 0.814858 0.692568 0.052083 0.092593
1 0.46836 0.62747 0.052083 0.092593
1 0.69515 0.631445 0.052083 0.092593
1 0.674649 0.609765 0.052083 0.092593
1 0.737759 0.592759 0.052083 0.092593
1 0.63228 0.581501 0.052083 0.092593
1 0.465967 0.731459 0.052083 0.092593
1 0.490014 0.799927 0.052083 0.092593
1 0.58773 0.683302 0.052083 0.092593
1 0.41644 0.383467 0.052083 0.092593
1 0.435602 0.358544 0.052083 0.092593
1 0.413605 0.641033 0.052083 0.092593
1 0.833681 0.659887 0.052083 0.092593
24 0.941486 0.744845 0.097656 0.173611
4 0.758899 0.540181 0.052083 0.092593
4 0.78246 0.558322 0.052083 0.092593
4 0.757252 0.491248 0.052083 0.092593
4 0.733799 0.512055 0.052083 0.092593
4 0.779354 0.513423 0.052083 0.092593
4 0.737497 0.462553 0.052083 0.092593
4 0.786465 0.463739 0.052083 0.092593
4 0.718265 0.426725 0.052083 0.092593
4 0.763058 0.446275 0.052083 0.092593
3 0.462264 0.191056 0.052083 0.092593
3 0.633698 0.448298 0.052083 0.092593
3 0.743014 0.641926 0.052083 0.092593
12 0.23153 0.191547 0.052083 0.092593
1 0.566063 0.99429 0.052083 0.092593
1 0.159206 0.082803 0.052083 0.092593
1 0.86809 0.878615 0.052083 0.092593
1 0.696803 0.955264 0.052083 0.092593
1 0.10565 0.729107 0.052083 0.092593
1 0.085243 0.578016 0.052083 0.092593
37 0.466055 0.639147 0.041667 0.074074
37 0.102321 0.342264 0.041667 0.074074
36 0.65933 0.219024 0.028846 0.051282
36 0.823332 0.269739 0.028846 0.051282
36 0.596141 0.189182 0.028846 0.051282
36 0.909603 0.840389 0.028846 0.051282
36 0.499823 0.667472 0.028846 0.051282
36 0.450085 0.722952 0.028846 0.051282
36 0.537494 0.415377 0.028846 0.051282
36 0.53621 0.66362 0.028846 0.051282
36 0.463516 0.378509 0.028846 0.051282
36 0.313082 0.80837 0.028846 0.051282
36 0.403624 0.505697 0.028846 0.051282
36 0.291168 0.555655 0.028846 0.051282
36 0.262294 0.42936 0.028846 0.051282
36 0.424408 0.160049 0.028846 0.051282
36 0.273584 0.35007 0.028846 0.051282
36 0.326094 0.349663 0.028846 0.051282
36 0.246841 0.260735 0.028846 0.051282
36 0.18082 0.043704 0.028846 0.051282
36 0.223044 0.219549 0.028846 0.051282
36 0.212378 0.346586 0.028846 0.051282
36 0.082791 0.441629 0.028846 0.051282
36 0.195486 0.407466 0.028846 0.051282
36 0.20611 0.429742 0.028846 0.051282
36 0.099747 0.564276 0.028846 0.051282
36 0.150751 0.754637 0.028846 0.051282
36 0.183607 0.660943 0.028846 0.051282
36 0.003256 0.763499 0.028846 0.051282
36 0.003131 0.732452 0.028846 0.051282
36 0.148879 0.767386 0.028846 0.051282
36 0.191358 0.895343 0.028846 0.051282
36 0.138749 0.773697 0.028846 0.051282
36 0.233233 0.742945 0.028846 0.051282
36 0.233921 0.896926 0.028846 0.051282
36 0.65409 0.959151 0.028846 0.051282
36 0.348613 0.857861 0.028846 0.051282
36 0.335323 0.795025 0.028846 0.051282
36 0.310613 0.979238 0.028846 0.051282
36 0.527638 0.526277 0.028846 0.051282
36 0.734071 0.880787 0.028846 0.051282
36 0.79543 0.448726 0.028846 0.051282
36 0.829894 0.430825 0.028846 0.051282
36 0.760113 0.785384 0.028846 0.051282
