0 0.5 0.362423 0.078125 0.138889
6 0.713149 0.530874 0.117188 0.208333
6 0.116693 0.615633 0.117188 0.208333
6 0.805247 0.764063 0.117188 0.208333
6 0.229517 0.501471 0.117188 0.208333
1 0.241095 0.450905 0.052083 0.092593
1 0.203813 0.454672 0.052083 0.092593
1 0.188229 0.488115 0.052083 0.092593
1 0.20844 0.510835 0.052083 0.092593
6 0.429856 0.652434 0.117188 0.208333
6 0.819825 0.552852 0.117188 0.208333
6 0.089108 0.589931 0.117188 0.208333
6 0.618617 0.851578 0.117188 0.208333
18 0.111517 0.569328 0.117188 0.208333
35 0.775038 0.849308 0.083705 0.14881
37 0.458591 0.860453 0.041667 0.074074
36 0.441947 0.694629 0.028846 0.051282
36 0.39438 0.769197 0.028846 0.051282
36 0.461945 0.899826 0.028846 0.051282
36 0.464199 0.948729 0.028846 0.051282
36 0.47758 0.909202 0.028846 0.051282
36 0.512841 0.966102 0.028846 0.051282
36 0.480229 0.878759 0.028846 0.051282
36 0.5201 0.877113 0.028846 0.051282
36 0.439155 0.865259 0.028846 0.051282
36 0.490726 0.85807 0.028846 0.051282
36 0.522258 0.789057 0.028846 0.051282
36 0.451943 0.86708 0.028846 0.051282
36 0.578182 0.88379 0.028846 0.051282
36 0.394006 0.7482 0.028846 0.051282
36 0.414205 0.694686 0.028846 0.051282
36 0.481578 0.64104 0.028846 0.051282
36 0.508012 0.691455 0.028846 0.051282
36 0.524928 0.711342 0.028846 0.051282
36 0.623954 0.412204 0.028846 0.051282
36 0.625408 0.519786 0.028846 0.051282
36 0.645073 0.694096 0.028846 0.051282
36 0.602403 0.536125 0.028846 0.051282
36 0.631219 0.532826 0.028846 0.051282
36 0.633213 0.492451 0.028846 0.051282
36 0.646536 0.844823 0.028846 0.051282
36 0.737826 0.867428 0.028846 0.051282
36 0.715332 0.846507 0.028846 0.051282
36 0.894332 0.344147 0.028846 0.051282
36 0.764911 0.812004 0.028846 0.051282
36 0.782179 0.753168 0.028846 0.051282
36 0.764553 0.786442 0.028846 0.051282
36 0.637929 0.785196 0.028846 0.051282
36 0.678129 0.698654 0.028846 0.051282
36 0.555674 0.892808 0.028846 0.051282
36 0.559895 0.809561 0.028846 0.051282
36 0.560126 0.841376 0.028846 0.051282
36 0.576898 0.513346 0.028846 0.051282
36 0.52824 0.450482 0.028846 0.051282
36 0.562099 0.514007 0.028846 0.051282
36 0.335927 0.631808 0.028846 0.051282
36 0.36836 0.825251 0.028846 0.051282
36 0.344541 0.759398 0.028846 0.051282
36 0.315415 0.800853 0.028846 0.051282
36 0.464979 0.379602 0.028846 0.051282
36 0.424851 0.43193 0.028846 0.051282
36 0.448335 0.401155 0.028846 0.051282
36 0.597637 0.534687 0.028846 0.051282
