0 0.560399 0.49 0.078125 0.138889
4 0.308689 0.385591 0.052083 0.092593
1 0.63713 0.808864 0.052083 0.092593
1 0.683266 0.862711 0.052083 0.092593
1 0.71456 0.299307 0.052083 0.092593
1 0.139394 0.490508 0.052083 0.092593
1 0.165701 0.890459 0.052083 0.092593
1 0.699974 0.600131 0.052083 0.092593
1 0.330286 0.015612 0.052083 0.092593
1 0.083119 0.170353 0.052083 0.092593
1 0.735597 0.359086 0.052083 0.092593
37 0.596394 0.971106 0.041667 0.074074
36 0.280247 0.370514 0.028846 0.051282
36 0.413352 0.295218 0.028846 0.051282
36 0.618425 0.671642 0.028846 0.051282
36 0.675652 0.701522 0.028846 0.051282
