0 0.198974 0.49 0.078125 0.138889
12 0.67327 0.154458 0.052083 0.092593
17 0.748935 0.429212 0.0625 0.111111
1 0.920352 0.849251 0.052083 0.092593
14 0.766599 0.364608 0.0625 0.111111
17 0.396362 0.038867 0.0625 0.111111
17 0.377604 0.037208 0.0625 0.111111
17 0.340147 0.113045 0.0625 0.111111
38 0.330362 0.926461 0.052083 0.092593
37 0.761042 0.697631 0.041667 0.074074
37 0.223077 0.826576 0.041667 0.074074
36 0.871045 0.592675 0.028846 0.051282
36 0.880175 0.844244 0.028846 0.051282
36 0.921396 0.542699 0.028846 0.051282
36 0.947557 0.364339 0.028846 0.051282
36 0.919987 0.897622 0.028846 0.051282
36 0.323462 0.863165 0.028846 0.051282
36 0.867437 0.801526 0.028846 0.051282
36 0.961825 0.580933 0.028846 0.051282
36 0.654559 0.846359 0.028846 0.051282
36 0.344344 0.807345 0.028846 0.051282
36 0.819546 0.86129 0.028846 0.051282
36 0.138794 0.798274 0.028846 0.051282
36 0.12448 0.496162 0.028846 0.051282
36 0.740169 0.555477 0.028846 0.051282
36 0.693482 0.863687 0.028846 0.051282
36 0.653531 0.857612 0.028846 0.051282
36 0.44702 0.229533 0.028846 0.051282
36 0.487781 0.308943 0.028846 0.051282
36 0.458771 0.262072 0.028846 0.051282
36 0.259378 0.065031 0.028846 0.051282
36 0.296565 0.163446 0.028846 0.051282
36 0.922659 0.17865 0.028846 0.051282
36 0.96606 0.033278 0.028846 0.051282
36 0.944604 0.492592 0.028846 0.051282
36 0.269404 0.177624 0.028846 0.051282
36 0.698083 0.550662 0.028846 0.051282
36 0.516345 0.104632 0.028846 0.051282
36 0.778609 0.493699 0.028846 0.051282
36 0.231452 0.879464 0.028846 0.051282
36 0.877683 0.597083 0.028846 0.051282
36 0.901407 0.643341 0.028846 0.051282
36 0.355598 0.052441 0.028846 0.051282
36 0.434189 0.022798 0.028846 0.051282
36 0.287533 0.832909 0.028846 0.051282
36 0.979663 0.204815 0.028846 0.051282
36 0.30047 0.824092 0.028846 0.051282
