0 0.5 0.49 0.078125 0.138889
17 0.792236 0.12188 0.0625 0.111111
17 0.792502 0.777453 0.0625 0.111111
1 0.156877 0.789218 0.052083 0.092593
37 0.911526 0.041584 0.041667 0.074074
37 0.956457 0.465484 0.041667 0.074074
37 0.645028 0.67161 0.041667 0.074074
37 0.833681 0.412534 0.041667 0.074074
36 0.755032 0.566654 0.028846 0.051282
36 0.764162 0.818223 0.028846 0.051282
36 0.805382 0.516678 0.028846 0.051282
36 0.831543 0.338318 0.028846 0.051282
36 0.803973 0.871601 0.028846 0.051282
36 0.751424 0.775505 0.028846 0.051282
36 0.845811 0.554912 0.028846 0.051282
36 0.538546 0.820338 0.028846 0.051282
36 0.703533 0.835269 0.028846 0.051282
36 0.928916 0.527377 0.028846 0.051282
36 0.624155 0.529457 0.028846 0.051282
36 0.577468 0.837667 0.028846 0.051282
36 0.537518 0.831591 0.028846 0.051282
36 0.937771 0.526989 0.028846 0.051282
36 0.937448 0.569939 0.028846 0.051282
36 0.936448 0.570338 0.028846 0.051282
36 0.96543 0.453391 0.028846 0.051282
36 0.806646 0.152629 0.028846 0.051282
36 0.850046 0.007257 0.028846 0.051282
36 0.82859 0.466572 0.028846 0.051282
36 0.542866 0.517544 0.028846 0.051282
36 0.400332 0.078611 0.028846 0.051282
36 0.662596 0.467678 0.028846 0.051282
36 0.76167 0.571062 0.028846 0.051282
36 0.785394 0.61732 0.028846 0.051282
36 0.875112 0.176816 0.028846 0.051282
36 0.851738 0.369608 0.028846 0.051282
36 0.450286 0.005817 0.028846 0.051282
36 0.605281 0.245956 0.028846 0.051282
36 0.507107 0.300542 0.028846 0.051282
36 0.708327 0.007086 0.028846 0.051282
36 0.531825 0.732627 0.028846 0.051282
36 0.57339 0.044828 0.028846 0.051282
36 0.701197 0.866088 0.028846 0.051282
36 0.627535 0.2541 0.028846 0.051282
