0 0.390713 0.49 0.078125 0.138889
3 0.815595 0.093609 0.052083 0.092593
1 0.922736 0.545308 0.052083 0.092593
1 0.789968 0.234098 0.052083 0.092593
38 0.4469 0.173688 0.052083 0.092593
37 0.57884 0.192714 0.041667 0.074074
36 0.968448 0.255052 0.028846 0.051282
36 0.800369 0.503928 0.028846 0.051282
36 0.705106 0.592631 0.028846 0.051282
36 0.713826 0.563608 0.028846 0.051282
36 0.713269 0.583833 0.028846 0.051282
36 0.393759 0.186858 0.028846 0.051282
36 0.392496 0.212374 0.028846 0.051282
36 0.389295 0.216183 0.028846 0.051282
36 0.746599 0.495766 0.028846 0.051282
36 0.331931 0.499105 0.028846 0.051282
36 0.562196 0.026891 0.028846 0.051282
36 0.514629 0.101458 0.028846 0.051282
36 0.39958 0.366283 0.028846 0.051282
36 0.480004 0.359883 0.028846 0.051282
36 0.363066 0.222983 0.028846 0.051282
36 0.426314 0.317808 0.028846 0.051282
36 0.402869 0.418153 0.028846 0.051282
36 0.291403 0.470404 0.028846 0.051282
36 0.303209 0.419227 0.028846 0.051282
36 0.276214 0.312007 0.028846 0.051282
36 0.582194 0.232087 0.028846 0.051282
36 0.584448 0.28099 0.028846 0.051282
36 0.597829 0.241463 0.028846 0.051282
36 0.63309 0.298363 0.028846 0.051282
36 0.600478 0.21102 0.028846 0.051282
36 0.444301 0.232513 0.028846 0.051282
36 0.345362 0.728616 0.028846 0.051282
36 0.482999 0.057136 0.028846 0.051282
36 0.311707 0.747289 0.028846 0.051282
36 0.408735 0.183062 0.028846 0.051282
36 0.3909 0.145466 0.028846 0.051282
