0 0.088382 0.49 0.078125 0.138889
1 0.470829 0.05356 0.052083 0.092593
1 0.502197 0.055924 0.052083 0.092593
4 0.50021 0.101165 0.052083 0.092593
1 0.58597 0.005815 0.052083 0.092593
24 0.61723 0.151209 0.097656 0.173611
3 0.455833 0.110653 0.052083 0.092593
1 0.359666 0.139613 0.052083 0.092593
1 0.608626 0.040104 0.052083 0.092593
1 0.388857 0.124508 0.052083 0.092593
1 0.440344 0.173849 0.052083 0.092593
3 0.30971 0.229311 0.052083 0.092593
3 0.319805 0.280211 0.052083 0.092593
3 0.350829 0.339993 0.052083 0.092593
4 0.308474 0.110023 0.052083 0.092593
4 0.281011 0.116232 0.052083 0.092593
4 0.291576 0.022639 0.052083 0.092593
4 0.21328 0.277307 0.052083 0.092593
4 0.173409 0.123104 0.052083 0.092593
1 0.492555 0.144845 0.052083 0.092593
1 0.274259 0.310308 0.052083 0.092593
1 0.57093 0.391026 0.052083 0.092593
1 0.324281 0.372663 0.052083 0.092593
1 0.184356 0.163782 0.052083 0.092593
1 0.408877 0.503612 0.052083 0.092593
1 0.732488 0.178584 0.052083 0.092593
1 0.219431 0.135743 0.052083 0.092593
1 0.216834 0.711875 0.052083 0.092593
1 0.979414 0.52086 0.052083 0.092593
1 0.950995 0.700854 0.052083 0.092593
1 0.445134 0.788745 0.052083 0.092593
24 0.280402 0.603841 0.097656 0.173611
24 0.154703 0.523798 0.097656 0.173611
37 0.632721 0.272326 0.041667 0.074074
36 0.951988 0.734079 0.028846 0.051282
36 0.58337 0.89213 0.028846 0.051282
36 0.835958 0.775696 0.028846 0.051282
36 0.66649 0.300651 0.028846 0.051282
36 0.616751 0.356131 0.028846 0.051282
36 0.70416 0.048555 0.028846 0.051282
36 0.702877 0.296799 0.028846 0.051282
36 0.630183 0.011687 0.028846 0.051282
36 0.479749 0.441548 0.028846 0.051282
36 0.570291 0.138876 0.028846 0.051282
36 0.457835 0.188833 0.028846 0.051282
36 0.358024 0.528521 0.028846 0.051282
36 0.3999 0.376123 0.028846 0.051282
36 0.400588 0.530105 0.028846 0.051282
36 0.820756 0.592329 0.028846 0.051282
36 0.51528 0.49104 0.028846 0.051282
36 0.463636 0.639427 0.028846 0.051282
36 0.501989 0.428203 0.028846 0.051282
36 0.688741 0.766999 0.028846 0.051282
36 0.47728 0.612417 0.028846 0.051282
36 0.603239 0.728216 0.028846 0.051282
36 0.694305 0.159455 0.028846 0.051282
36 0.900737 0.513965 0.028846 0.051282
36 0.962096 0.081904 0.028846 0.051282
36 0.926779 0.418562 0.028846 0.051282
36 0.955048 0.002651 0.028846 0.051282
36 0.545726 0.035289 0.028846 0.051282
36 0.436415 0.132577 0.028846 0.051282
36 0.382185 0.170894 0.028846 0.051282
36 0.300992 0.443721 0.028846 0.051282
36 0.276078 0.166151 0.028846 0.051282
36 0.144125 0.47707 0.028846 0.051282
36 0.210772 0.142782 0.028846 0.051282
36 0.270233 0.540334 0.028846 0.051282
36 0.068416 0.129658 0.028846 0.051282
36 0.102226 0.093006 0.028846 0.051282
