0 0.5 0.517665 0.078125 0.138889
1 0.292412 0.16434 0.052083 0.092593
1 0.269551 0.432788 0.052083 0.092593
1 0.265375 0.078841 0.052083 0.092593
1 0.309139 0.136702 0.052083 0.092593
1 0.680979 0.501171 0.052083 0.092593
1 0.654349 0.418872 0.052083 0.092593
2 0.638939 0.149278 0.052083 0.092593
2 0.654221 0.176992 0.052083 0.092593
2 0.808988 0.038316 0.052083 0.092593
36 0.554967 0.542289 0.028846 0.051282
36 0.753086 0.120599 0.028846 0.051282
36 0.524296 0.527499 0.028846 0.051282
36 0.414335 0.470041 0.028846 0.051282
36 0.31838 0.253007 0.028846 0.051282
