0 0.5 0.49 0.078125 0.138889
17 0.846809 0.821427 0.0625 0.111111
17 0.218048 0.950618 0.0625 0.111111
17 0.735966 0.833827 0.0625 0.111111
17 0.366867 0.025746 0.0625 0.111111
1 0.495184 0.775455 0.052083 0.092593
16 0.204714 0.102731 0.078125 0.138889
14 0.631466 0.840798 0.0625 0.111111
14 0.898632 0.808998 0.0625 0.111111
14 0.403533 0.19373 0.0625 0.111111
14 0.714132 0.656532 0.0625 0.111111
17 0.302139 0.059977 0.0625 0.111111
17 0.272688 0.226465 0.0625 0.111111
17 0.188249 0.243486 0.0625 0.111111
37 0.92189 0.262488 0.041667 0.074074
37 0.966821 0.686388 0.041667 0.074074
37 0.655392 0.892514 0.041667 0.074074
38 0.399562 0.677368 0.052083 0.092593
36 0.765396 0.787558 0.028846 0.051282
36 0.815746 0.737582 0.028846 0.051282
36 0.841907 0.559223 0.028846 0.051282
36 0.761788 0.99641 0.028846 0.051282
36 0.856175 0.775816 0.028846 0.051282
36 0.93928 0.748281 0.028846 0.051282
36 0.033145 0.993158 0.028846 0.051282
36 0.634519 0.750361 0.028846 0.051282
36 0.34137 0.424416 0.028846 0.051282
36 0.948135 0.747893 0.028846 0.051282
36 0.947812 0.790843 0.028846 0.051282
36 0.946812 0.791242 0.028846 0.051282
36 0.382132 0.503826 0.028846 0.051282
36 0.330905 0.553575 0.028846 0.051282
36 0.353122 0.456956 0.028846 0.051282
36 0.108319 0.577893 0.028846 0.051282
36 0.174607 0.18791 0.028846 0.051282
36 0.507264 0.786223 0.028846 0.051282
36 0.153729 0.259915 0.028846 0.051282
36 0.058608 0.682838 0.028846 0.051282
36 0.438765 0.676018 0.028846 0.051282
36 0.372878 0.920578 0.028846 0.051282
36 0.26301 0.914968 0.028846 0.051282
36 0.190916 0.35833 0.028846 0.051282
36 0.934171 0.14538 0.028846 0.051282
36 0.975794 0.674295 0.028846 0.051282
36 0.81701 0.373534 0.028846 0.051282
36 0.86041 0.228161 0.028846 0.051282
36 0.45026 0.728706 0.028846 0.051282
36 0.471532 0.725365 0.028846 0.051282
36 0.838954 0.687476 0.028846 0.051282
36 0.763982 0.164722 0.028846 0.051282
36 0.163755 0.372507 0.028846 0.051282
36 0.592434 0.745546 0.028846 0.051282
36 0.195135 0.835798 0.028846 0.051282
36 0.488553 0.162677 0.028846 0.051282
