0 0.560184 0.66774 0.078125 0.138889
4 0.489618 0.253225 0.052083 0.092593
15 0.602554 0.309469 0.078125 0.138889
15 0.589033 0.191764 0.078125 0.138889
15 0.626713 0.125024 0.078125 0.138889
15 0.613896 0.233267 0.078125 0.138889
15 0.590558 0.232984 0.078125 0.138889
15 0.611814 0.097243 0.078125 0.138889
15 0.631866 0.083722 0.078125 0.138889
15 0.676817 0.083312 0.078125 0.138889
2 0.723023 0.154405 0.052083 0.092593
2 0.706123 0.071104 0.052083 0.092593
2 0.648027 0.139491 0.052083 0.092593
2 0.715819 0.193381 0.052083 0.092593
2 0.720152 0.09841 0.052083 0.092593
2 0.635547 0.029312 0.052083 0.092593
2 0.153509 0.503468 0.052083 0.092593
2 0.249617 0.598683 0.052083 0.092593
2 0.142613 0.653861 0.052083 0.092593
2 0.192734 0.411114 0.052083 0.092593
2 0.078889 0.39732 0.052083 0.092593
2 0.090104 0.499016 0.052083 0.092593
2 0.120866 0.456374 0.052083 0.092593
2 0.171469 0.428652 0.052083 0.092593
37 0.25756 0.061858 0.041667 0.074074
38 0.818607 0.979091 0.052083 0.092593
36 0.855281 0.196022 0.028846 0.051282
36 0.48882 0.198889 0.028846 0.051282
36 0.543692 0.02973 0.028846 0.051282
36 0.558837 0.15392 0.028846 0.051282
36 0.178535 0.187803 0.028846 0.051282
36 0.184877 0.006111 0.028846 0.051282
36 0.175275 0.059023 0.028846 0.051282
36 0.142203 0.143124 0.028846 0.051282
36 0.095563 0.145482 0.028846 0.051282
36 0.516297 0.173891 0.028846 0.051282
36 0.189688 0.007744 0.028846 0.051282
36 0.573925 0.116938 0.028846 0.051282
36 0.189747 0.219761 0.028846 0.051282
36 0.162644 0.226018 0.028846 0.051282
36 0.57101 0.094541 0.028846 0.051282
36 0.074501 0.243001 0.028846 0.051282
36 0.111462 0.26217 0.028846 0.051282
36 0.230728 0.709023 0.028846 0.051282
36 0.40431 0.032022 0.028846 0.051282
36 0.88671 0.891017 0.028846 0.051282
36 0.905016 0.924239 0.028846 0.051282
36 0.879465 0.881897 0.028846 0.051282
36 0.436866 0.627284 0.028846 0.051282
36 0.315999 0.715356 0.028846 0.051282
36 0.378106 0.774302 0.028846 0.051282
36 0.676933 0.266353 0.028846 0.051282
