0 0.184978 0.515322 0.078125 0.138889
17 0.92575 0.039515 0.0625 0.111111
12 0.597687 0.306594 0.052083 0.092593
6 0.581107 0.45869 0.117188 0.208333
1 0.464961 0.594964 0.052083 0.092593
1 0.816357 0.675338 0.052083 0.092593
17 0.716326 0.484903 0.0625 0.111111
38 0.330362 0.860408 0.052083 0.092593
37 0.761042 0.631578 0.041667 0.074074
37 0.223077 0.760523 0.041667 0.074074
37 0.949694 0.372502 0.041667 0.074074
36 0.871045 0.526622 0.028846 0.051282
36 0.880175 0.778191 0.028846 0.051282
36 0.921396 0.476646 0.028846 0.051282
36 0.947557 0.298286 0.028846 0.051282
36 0.919987 0.831569 0.028846 0.051282
36 0.323462 0.797112 0.028846 0.051282
36 0.867437 0.735473 0.028846 0.051282
36 0.961825 0.51488 0.028846 0.051282
36 0.654559 0.780306 0.028846 0.051282
36 0.344344 0.741292 0.028846 0.051282
36 0.819546 0.795237 0.028846 0.051282
36 0.138794 0.732221 0.028846 0.051282
36 0.740169 0.489425 0.028846 0.051282
36 0.693482 0.797634 0.028846 0.051282
36 0.653531 0.791559 0.028846 0.051282
36 0.922659 0.112597 0.028846 0.051282
36 0.944604 0.426539 0.028846 0.051282
36 0.698083 0.484609 0.028846 0.051282
36 0.516345 0.038579 0.028846 0.051282
36 0.778609 0.427646 0.028846 0.051282
36 0.231452 0.813411 0.028846 0.051282
36 0.877683 0.53103 0.028846 0.051282
36 0.901407 0.577288 0.028846 0.051282
36 0.287533 0.766856 0.028846 0.051282
36 0.991125 0.136784 0.028846 0.051282
36 0.304946 0.752958 0.028846 0.051282
36 0.967751 0.329575 0.028846 0.051282
36 0.721294 0.205924 0.028846 0.051282
36 0.62312 0.260509 0.028846 0.051282
36 0.596551 0.376705 0.028846 0.051282
