0 0.293354 0.49 0.078125 0.138889
1 0.746612 0.813105 0.052083 0.092593
17 0.82264 0.172082 0.0625 0.111111
17 0.90897 0.266244 0.0625 0.111111
1 0.173893 0.841096 0.052083 0.092593
1 0.282296 0.857802 0.052083 0.092593
1 0.141061 0.848632 0.052083 0.092593
14 0.197888 0.213431 0.0625 0.111111
14 0.573577 0.122775 0.0625 0.111111
14 0.98204 0.25314 0.0625 0.111111
16 0.257376 0.481775 0.078125 0.138889
36 0.871045 0.706835 0.028846 0.051282
36 0.880175 0.958404 0.028846 0.051282
36 0.921396 0.656859 0.028846 0.051282
36 0.947557 0.478499 0.028846 0.051282
36 0.730916 0.053755 0.028846 0.051282
36 0.904437 0.476753 0.028846 0.051282
36 0.895205 0.176097 0.028846 0.051282
36 0.323462 0.977326 0.028846 0.051282
36 0.867437 0.915686 0.028846 0.051282
36 0.961825 0.695093 0.028846 0.051282
36 0.654559 0.960519 0.028846 0.051282
36 0.915785 0.40282 0.028846 0.051282
36 0.344344 0.921505 0.028846 0.051282
36 0.819546 0.97545 0.028846 0.051282
36 0.138794 0.912434 0.028846 0.051282
36 0.895325 0.491116 0.028846 0.051282
36 0.095878 0.608139 0.028846 0.051282
36 0.733916 0.623351 0.028846 0.051282
36 0.740169 0.669638 0.028846 0.051282
36 0.693482 0.977847 0.028846 0.051282
36 0.653531 0.971772 0.028846 0.051282
36 0.934918 0.103943 0.028846 0.051282
36 0.44702 0.343693 0.028846 0.051282
36 0.628344 0.037734 0.028846 0.051282
36 0.82226 0.128338 0.028846 0.051282
36 0.643698 0.140905 0.028846 0.051282
36 0.625784 0.064114 0.028846 0.051282
36 0.625091 0.147254 0.028846 0.051282
36 0.650756 0.109008 0.028846 0.051282
36 0.691209 0.108269 0.028846 0.051282
36 0.651417 0.062643 0.028846 0.051282
36 0.884687 0.26514 0.028846 0.051282
36 0.895521 0.240436 0.028846 0.051282
36 0.852692 0.59496 0.028846 0.051282
36 0.487781 0.423103 0.028846 0.051282
