0 0.5 0.486543 0.078125 0.138889
1 0.448549 0.992965 0.052083 0.092593
1 0.446815 0.835903 0.052083 0.092593
4 0.466815 0.958976 0.052083 0.092593
1 0.423956 0.867511 0.052083 0.092593
24 0.548777 0.885965 0.097656 0.173611
3 0.432999 0.945068 0.052083 0.092593
3 0.42352 0.883366 0.052083 0.092593
1 0.443837 0.888281 0.052083 0.092593
3 0.413116 0.905029 0.052083 0.092593
3 0.42506 0.921354 0.052083 0.092593
3 0.390668 0.935283 0.052083 0.092593
4 0.400727 0.772543 0.052083 0.092593
4 0.470709 0.817386 0.052083 0.092593
4 0.391617 0.993793 0.052083 0.092593
4 0.492261 0.952291 0.052083 0.092593
4 0.389951 0.858207 0.052083 0.092593
1 0.460969 0.774709 0.052083 0.092593
1 0.409203 0.961482 0.052083 0.092593
1 0.39117 0.812354 0.052083 0.092593
1 0.410969 0.832877 0.052083 0.092593
1 0.429692 0.807864 0.052083 0.092593
1 0.376542 0.77349 0.052083 0.092593
1 0.412239 0.726813 0.052083 0.092593
3 0.407238 0.867188 0.052083 0.092593
3 0.370431 0.858028 0.052083 0.092593
4 0.423303 0.998674 0.052083 0.092593
4 0.505556 0.747824 0.052083 0.092593
4 0.491524 0.896413 0.052083 0.092593
4 0.445755 0.933977 0.052083 0.092593
4 0.46767 0.872209 0.052083 0.092593
4 0.537142 0.762066 0.052083 0.092593
4 0.475821 0.709336 0.052083 0.092593
1 0.388067 0.734932 0.052083 0.092593
23 0.933888 0.715958 0.052083 0.092593
23 0.703773 0.671659 0.052083 0.092593
1 0.565676 0.713064 0.052083 0.092593
3 0.524247 0.715198 0.052083 0.092593
3 0.554539 0.724941 0.052083 0.092593
4 0.426055 0.766079 0.052083 0.092593
4 0.446163 0.738607 0.052083 0.092593
4 0.491042 0.846768 0.052083 0.092593
4 0.27462 0.821215 0.052083 0.092593
4 0.445179 0.661633 0.052083 0.092593
4 0.299149 0.849909 0.052083 0.092593
4 0.187091 0.807436 0.052083 0.092593
1 0.194513 0.575811 0.052083 0.092593
12 0.697324 0.659003 0.052083 0.092593
1 0.152648 0.507915 0.052083 0.092593
1 0.304664 0.447114 0.052083 0.092593
1 0.170098 0.773571 0.052083 0.092593
1 0.762634 0.948593 0.052083 0.092593
1 0.297091 0.336828 0.052083 0.092593
1 0.054284 0.855422 0.052083 0.092593
1 0.844678 0.555256 0.052083 0.092593
1 0.848401 0.720138 0.052083 0.092593
1 0.046041 0.267303 0.052083 0.092593
1 0.021872 0.258149 0.052083 0.092593
1 0.725295 0.277299 0.052083 0.092593
1 0.180506 0.267251 0.052083 0.092593
37 0.502998 0.921396 0.041667 0.074074
37 0.139264 0.624513 0.041667 0.074074
36 0.696273 0.501273 0.028846 0.051282
36 0.574437 0.697626 0.028846 0.051282
36 0.500459 0.660757 0.028846 0.051282
36 0.217763 0.325953 0.028846 0.051282
36 0.832373 0.730975 0.028846 0.051282
36 0.825324 0.651722 0.028846 0.051282
36 0.804495 0.493145 0.028846 0.051282
36 0.658758 0.528549 0.028846 0.051282
36 0.268397 0.359796 0.028846 0.051282
36 0.216089 0.381657 0.028846 0.051282
36 0.270899 0.320103 0.028846 0.051282
36 0.642654 0.487036 0.028846 0.051282
36 0.252462 0.819965 0.028846 0.051282
36 0.146355 0.815222 0.028846 0.051282
36 0.081049 0.791852 0.028846 0.051282
36 0.708624 0.962104 0.028846 0.051282
36 0.606451 0.828865 0.028846 0.051282
36 0.663963 0.784726 0.028846 0.051282
36 0.526813 0.68062 0.028846 0.051282
36 0.370764 0.942623 0.028846 0.051282
36 0.465514 0.460079 0.028846 0.051282
36 0.435846 0.381763 0.028846 0.051282
36 0.455336 0.671807 0.028846 0.051282
36 0.355264 0.283293 0.028846 0.051282
36 0.417627 0.70502 0.028846 0.051282
