0 0.5 0.49 0.078125 0.138889
1 0.530168 0.766745 0.052083 0.092593
1 0.418751 0.886785 0.052083 0.092593
1 0.458222 0.780313 0.052083 0.092593
1 0.407162 0.944361 0.052083 0.092593
1 0.516297 0.718175 0.052083 0.092593
1 0.507066 0.76184 0.052083 0.092593
1 0.47517 0.810478 0.052083 0.092593
1 0.503351 0.821667 0.052083 0.092593
14 0.362657 0.323951 0.0625 0.111111
14 0.331665 0.666854 0.0625 0.111111
14 0.685493 0.596246 0.0625 0.111111
3 0.537595 0.83304 0.052083 0.092593
3 0.359914 0.269911 0.052083 0.092593
1 0.597135 0.500466 0.052083 0.092593
1 0.591179 0.539768 0.052083 0.092593
1 0.650901 0.606932 0.052083 0.092593
1 0.655003 0.500212 0.052083 0.092593
1 0.566542 0.586142 0.052083 0.092593
1 0.652099 0.459624 0.052083 0.092593
35 0.14215 0.268537 0.083705 0.14881
37 0.606538 0.920044 0.041667 0.074074
36 0.904539 0.557734 0.028846 0.051282
36 0.857329 0.337806 0.028846 0.051282
36 0.415307 0.328955 0.028846 0.051282
36 0.358437 0.913515 0.028846 0.051282
36 0.702769 0.578563 0.028846 0.051282
36 0.513822 0.938808 0.028846 0.051282
36 0.506258 0.885646 0.028846 0.051282
36 0.517636 0.667584 0.028846 0.051282
36 0.559144 0.517373 0.028846 0.051282
36 0.559263 0.555334 0.028846 0.051282
