0 0.5 0.49 0.078125 0.138889
3 0.297988 0.156219 0.052083 0.092593
3 0.327869 0.728021 0.052083 0.092593
6 0.795473 0.831104 0.117188 0.208333
6 0.547148 0.869552 0.117188 0.208333
18 0.602951 0.600434 0.117188 0.208333
1 0.200097 0.214818 0.052083 0.092593
1 0.262113 0.23958 0.052083 0.092593
1 0.336785 0.324148 0.052083 0.092593
1 0.309415 0.316507 0.052083 0.092593
3 0.306916 0.55625 0.052083 0.092593
35 0.106473 0.031995 0.083705 0.14881
38 0.390374 0.396881 0.052083 0.092593
36 0.911922 0.478245 0.028846 0.051282
36 0.753299 0.15501 0.028846 0.051282
36 0.743842 0.727121 0.028846 0.051282
36 0.64858 0.815824 0.028846 0.051282
36 0.6573 0.7868 0.028846 0.051282
36 0.656742 0.807026 0.028846 0.051282
36 0.337233 0.410051 0.028846 0.051282
36 0.335969 0.435566 0.028846 0.051282
36 0.332769 0.439376 0.028846 0.051282
36 0.690073 0.718958 0.028846 0.051282
36 0.257075 0.71962 0.028846 0.051282
36 0.282479 0.718564 0.028846 0.051282
36 0.3578 0.130749 0.028846 0.051282
36 0.341514 0.14112 0.028846 0.051282
36 0.320795 0.182366 0.028846 0.051282
36 0.504035 0.251714 0.028846 0.051282
36 0.458103 0.324651 0.028846 0.051282
36 0.476749 0.298952 0.028846 0.051282
