0 0.225498 0.601048 0.078125 0.138889
1 0.284181 0.253982 0.052083 0.092593
1 0.261915 0.271431 0.052083 0.092593
1 0.269727 0.21998 0.052083 0.092593
14 0.354353 0.074979 0.0625 0.111111
3 0.328422 0.175374 0.052083 0.092593
1 0.339869 0.130691 0.052083 0.092593
1 0.331028 0.09058 0.052083 0.092593
1 0.382968 0.493134 0.052083 0.092593
1 0.330224 0.409735 0.052083 0.092593
1 0.35466 0.409535 0.052083 0.092593
1 0.369256 0.460316 0.052083 0.092593
1 0.499804 0.490455 0.052083 0.092593
1 0.387348 0.430372 0.052083 0.092593
1 0.354516 0.508314 0.052083 0.092593
1 0.377624 0.393405 0.052083 0.092593
1 0.496025 0.431996 0.052083 0.092593
3 0.086959 0.644234 0.052083 0.092593
3 0.562012 0.271534 0.052083 0.092593
3 0.351815 0.424618 0.052083 0.092593
14 0.540303 0.100063 0.0625 0.111111
37 0.711186 0.401012 0.041667 0.074074
36 0.463086 0.394483 0.028846 0.051282
36 0.807418 0.059531 0.028846 0.051282
36 0.618471 0.419776 0.028846 0.051282
36 0.610907 0.366614 0.028846 0.051282
36 0.287503 0.082102 0.028846 0.051282
36 0.290049 0.113125 0.028846 0.051282
36 0.331711 0.115599 0.028846 0.051282
36 0.323513 0.238618 0.028846 0.051282
36 0.299919 0.079822 0.028846 0.051282
36 0.319592 0.372834 0.028846 0.051282
36 0.141378 0.685157 0.028846 0.051282
36 0.326314 0.498086 0.028846 0.051282
36 0.33133 0.434172 0.028846 0.051282
