0 0.520896 0.49 0.078125 0.138889
1 0.598794 0.203811 0.052083 0.092593
1 0.555529 0.198253 0.052083 0.092593
1 0.610151 0.163994 0.052083 0.092593
1 0.628714 0.007777 0.052083 0.092593
1 0.579918 0.232522 0.052083 0.092593
1 0.574619 0.171156 0.052083 0.092593
1 0.622331 0.080938 0.052083 0.092593
1 0.651274 0.18118 0.052083 0.092593
3 0.148221 0.806148 0.052083 0.092593
3 0.203198 0.398271 0.052083 0.092593
37 0.54452 0.632037 0.041667 0.074074
36 0.284941 0.366915 0.028846 0.051282
36 0.534736 0.677498 0.028846 0.051282
36 0.510741 0.127281 0.028846 0.051282
36 0.56939 0.223104 0.028846 0.051282
