0 0.213814 0.49 0.078125 0.138889
17 0.929218 0.12178 0.0625 0.111111
12 0.749435 0.493092 0.052083 0.092593
17 0.765335 0.384487 0.0625 0.111111
6 0.483564 0.858714 0.117188 0.208333
17 0.54035 0.653939 0.0625 0.111111
14 0.532681 0.751067 0.0625 0.111111
14 0.808254 0.319416 0.0625 0.111111
14 0.86877 0.793571 0.0625 0.111111
17 0.418173 0.012551 0.0625 0.111111
17 0.465925 0.079455 0.0625 0.111111
17 0.41415 0.205602 0.0625 0.111111
1 0.993601 0.046532 0.052083 0.092593
1 0.983505 0.009547 0.052083 0.092593
16 0.795483 0.482023 0.078125 0.138889
37 0.761042 0.940611 0.041667 0.074074
37 0.506761 0.098375 0.041667 0.074074
37 0.949694 0.681535 0.041667 0.074074
36 0.871045 0.835655 0.028846 0.051282
36 0.921396 0.785679 0.028846 0.051282
36 0.947557 0.607319 0.028846 0.051282
36 0.961825 0.823913 0.028846 0.051282
36 0.740169 0.798458 0.028846 0.051282
36 0.249482 0.02444 0.028846 0.051282
36 0.922659 0.42163 0.028846 0.051282
36 0.96606 0.276258 0.028846 0.051282
36 0.944604 0.735573 0.028846 0.051282
36 0.869631 0.212818 0.028846 0.051282
36 0.698083 0.793643 0.028846 0.051282
36 0.594202 0.210774 0.028846 0.051282
36 0.516345 0.347612 0.028846 0.051282
36 0.778609 0.736679 0.028846 0.051282
36 0.877683 0.840063 0.028846 0.051282
36 0.901407 0.886321 0.028846 0.051282
36 0.999479 0.164703 0.028846 0.051282
36 0.434189 0.265778 0.028846 0.051282
36 0.991125 0.445817 0.028846 0.051282
36 0.967751 0.638609 0.028846 0.051282
36 0.618041 0.074302 0.028846 0.051282
36 0.5663 0.274818 0.028846 0.051282
36 0.721294 0.514957 0.028846 0.051282
36 0.62312 0.569543 0.028846 0.051282
36 0.596551 0.685738 0.028846 0.051282
