0 0.68703 0.49 0.078125 0.138889
6 0.50781 0.363647 0.117188 0.208333
13 0.543917 0.307828 0.0625 0.111111
2 0.448578 0.396063 0.052083 0.092593
2 0.530549 0.328072 0.052083 0.092593
2 0.476027 0.354571 0.052083 0.092593
2 0.51403 0.416925 0.052083 0.092593
2 0.491321 0.424356 0.052083 0.092593
2 0.539715 0.364119 0.052083 0.092593
2 0.564849 0.417081 0.052083 0.092593
2 0.535121 0.174632 0.052083 0.092593
2 0.459123 0.429765 0.052083 0.092593
2 0.321947 0.448676 0.052083 0.092593
2 0.35756 0.813443 0.052083 0.092593
2 0.488222 0.872445 0.052083 0.092593
2 0.493601 0.505047 0.052083 0.092593
37 0.25756 0.186977 0.041667 0.074074
37 0.484649 0.043204 0.041667 0.074074
37 0.443275 0.184301 0.041667 0.074074
37 0.206091 0.462639 0.041667 0.074074
36 0.855281 0.321142 0.028846 0.051282
36 0.178535 0.312923 0.028846 0.051282
36 0.184877 0.131231 0.028846 0.051282
36 0.175275 0.184143 0.028846 0.051282
36 0.142203 0.268243 0.028846 0.051282
36 0.095563 0.270602 0.028846 0.051282
36 0.189688 0.132863 0.028846 0.051282
36 0.189747 0.344881 0.028846 0.051282
36 0.162644 0.351138 0.028846 0.051282
36 0.074501 0.36812 0.028846 0.051282
36 0.111462 0.387289 0.028846 0.051282
36 0.857018 0.055707 0.028846 0.051282
36 0.270911 0.047909 0.028846 0.051282
36 0.101164 0.557949 0.028846 0.051282
36 0.262244 0.402716 0.028846 0.051282
36 0.290587 0.269109 0.028846 0.051282
36 0.520224 0.675655 0.028846 0.051282
36 0.301792 0.091543 0.028846 0.051282
36 0.543767 0.616183 0.028846 0.051282
36 0.308246 0.107519 0.028846 0.051282
36 0.486038 0.303333 0.028846 0.051282
36 0.328328 0.093239 0.028846 0.051282
36 0.47211 0.246151 0.028846 0.051282
36 0.592749 0.214115 0.028846 0.051282
36 0.520992 0.315878 0.028846 0.051282
36 0.443156 0.508066 0.028846 0.051282
36 0.458323 0.272314 0.028846 0.051282
36 0.432484 0.258144 0.028846 0.051282
36 0.422822 0.344412 0.028846 0.051282
36 0.741772 0.353304 0.028846 0.051282
36 0.734662 0.386342 0.028846 0.051282
36 0.748656 0.393569 0.028846 0.051282
36 0.58758 0.525969 0.028846 0.051282
36 0.613735 0.36197 0.028846 0.051282
36 0.632552 0.365962 0.028846 0.051282
36 0.612548 0.384256 0.028846 0.051282
36 0.725018 0.619433 0.028846 0.051282
