0 0.279499 0.336326 0.078125 0.138889
6 0.562743 0.552243 0.117188 0.208333
3 0.495828 0.710934 0.052083 0.092593
6 0.655842 0.966614 0.117188 0.208333
1 0.41221 0.604848 0.052083 0.092593
1 0.440985 0.593614 0.052083 0.092593
1 0.50798 0.599202 0.052083 0.092593
1 0.542499 0.663147 0.052083 0.092593
1 0.593682 0.723579 0.052083 0.092593
3 0.571021 0.570025 0.052083 0.092593
1 0.650514 0.785035 0.052083 0.092593
1 0.644263 0.695486 0.052083 0.092593
1 0.629951 0.739238 0.052083 0.092593
1 0.701582 0.52608 0.052083 0.092593
1 0.765685 0.663325 0.052083 0.092593
1 0.748898 0.551568 0.052083 0.092593
1 0.770882 0.572764 0.052083 0.092593
1 0.447534 0.502896 0.052083 0.092593
35 0.895287 0.849308 0.083705 0.14881
37 0.57884 0.860453 0.041667 0.074074
36 0.562196 0.694629 0.028846 0.051282
36 0.514629 0.769197 0.028846 0.051282
36 0.582194 0.899826 0.028846 0.051282
36 0.584448 0.948729 0.028846 0.051282
36 0.597829 0.909202 0.028846 0.051282
36 0.63309 0.966102 0.028846 0.051282
36 0.600478 0.878759 0.028846 0.051282
36 0.640349 0.877113 0.028846 0.051282
36 0.559404 0.865259 0.028846 0.051282
36 0.17449 0.493482 0.028846 0.051282
36 0.187676 0.531968 0.028846 0.051282
36 0.166924 0.443538 0.028846 0.051282
36 0.610975 0.85807 0.028846 0.051282
36 0.642507 0.789057 0.028846 0.051282
36 0.572192 0.86708 0.028846 0.051282
36 0.698431 0.88379 0.028846 0.051282
36 0.514255 0.7482 0.028846 0.051282
36 0.534454 0.694686 0.028846 0.051282
36 0.601827 0.64104 0.028846 0.051282
36 0.628261 0.691455 0.028846 0.051282
36 0.645177 0.711342 0.028846 0.051282
36 0.598332 0.256064 0.028846 0.051282
36 0.587897 0.259114 0.028846 0.051282
36 0.622591 0.231831 0.028846 0.051282
36 0.744203 0.412204 0.028846 0.051282
36 0.745657 0.519786 0.028846 0.051282
36 0.765322 0.694096 0.028846 0.051282
36 0.722652 0.536125 0.028846 0.051282
36 0.751468 0.532826 0.028846 0.051282
36 0.753462 0.492451 0.028846 0.051282
36 0.766785 0.844823 0.028846 0.051282
36 0.858075 0.867428 0.028846 0.051282
36 0.835581 0.846507 0.028846 0.051282
36 0.88516 0.812004 0.028846 0.051282
36 0.902428 0.753168 0.028846 0.051282
36 0.884802 0.786442 0.028846 0.051282
36 0.758178 0.785196 0.028846 0.051282
36 0.798378 0.698654 0.028846 0.051282
36 0.675923 0.892808 0.028846 0.051282
36 0.680144 0.809561 0.028846 0.051282
36 0.680375 0.841376 0.028846 0.051282
36 0.697147 0.513346 0.028846 0.051282
36 0.656981 0.4795 0.028846 0.051282
36 0.682348 0.514007 0.028846 0.051282
