0 0.5 0.49 0.078125 0.138889
14 0.501884 0.67071 0.0625 0.111111
1 0.650494 0.134165 0.052083 0.092593
1 0.748999 0.211908 0.052083 0.092593
1 0.686372 0.202732 0.052083 0.092593
1 0.761796 0.174288 0.052083 0.092593
1 0.751153 0.020342 0.052083 0.092593
1 0.702899 0.231329 0.052083 0.092593
1 0.727333 0.233955 0.052083 0.092593
1 0.709612 0.153131 0.052083 0.092593
1 0.772027 0.052575 0.052083 0.092593
1 0.802063 0.221332 0.052083 0.092593
36 0.344655 0.52896 0.028846 0.051282
36 0.417531 0.674777 0.028846 0.051282
36 0.458789 0.653444 0.028846 0.051282
36 0.609217 0.634425 0.028846 0.051282
