0 0.51192 0.49 0.078125 0.138889
1 0.150873 0.321204 0.052083 0.092593
1 0.25339 0.780228 0.052083 0.092593
1 0.18025 0.462618 0.052083 0.092593
1 0.101731 0.732893 0.052083 0.092593
1 0.126565 0.216104 0.052083 0.092593
1 0.506731 0.799362 0.052083 0.092593
1 0.545891 0.836667 0.052083 0.092593
1 0.146443 0.258665 0.052083 0.092593
1 0.500929 0.842105 0.052083 0.092593
1 0.771644 0.849221 0.052083 0.092593
1 0.755409 0.717018 0.052083 0.092593
36 0.53276 0.825206 0.028846 0.051282
36 0.715287 0.398574 0.028846 0.051282
