0 0.5 0.49 0.078125 0.138889
1 0.30488 0.289172 0.052083 0.092593
1 0.78963 0.408795 0.052083 0.092593
1 0.357921 0.285892 0.052083 0.092593
1 0.83664 0.612333 0.052083 0.092593
4 0.32928 0.609227 0.052083 0.092593
4 0.556134 0.687789 0.052083 0.092593
8 0.375365 0.931733 0.055804 0.099206
2 0.35097 0.866084 0.052083 0.092593
2 0.26831 0.926939 0.052083 0.092593
2 0.246892 0.940487 0.052083 0.092593
2 0.289755 0.960676 0.052083 0.092593
2 0.22509 0.938125 0.052083 0.092593
36 0.901329 0.386672 0.028846 0.051282
36 0.531661 0.646737 0.028846 0.051282
36 0.486695 0.68465 0.028846 0.051282
36 0.456738 0.289133 0.028846 0.051282
36 0.442552 0.292514 0.028846 0.051282
