0 0.5 0.402462 0.078125 0.138889
15 0.664896 0.621897 0.078125 0.138889
15 0.641266 0.565808 0.078125 0.138889
15 0.643425 0.606483 0.078125 0.138889
2 0.405368 0.711471 0.052083 0.092593
2 0.416781 0.602922 0.052083 0.092593
2 0.39419 0.659703 0.052083 0.092593
2 0.413475 0.670008 0.052083 0.092593
2 0.379305 0.582498 0.052083 0.092593
2 0.393841 0.62032 0.052083 0.092593
2 0.340477 0.739853 0.052083 0.092593
2 0.676833 0.594173 0.052083 0.092593
2 0.63251 0.725911 0.052083 0.092593
2 0.557701 0.769946 0.052083 0.092593
2 0.59821 0.834274 0.052083 0.092593
2 0.577579 0.785906 0.052083 0.092593
2 0.534667 0.818085 0.052083 0.092593
2 0.515208 0.999886 0.052083 0.092593
2 0.537719 0.858841 0.052083 0.092593
2 0.641015 0.769102 0.052083 0.092593
2 0.601727 0.907313 0.052083 0.092593
36 0.346234 0.542669 0.028846 0.051282
36 0.31077 0.514265 0.028846 0.051282
36 0.258676 0.550292 0.028846 0.051282
36 0.298371 0.956468 0.028846 0.051282
36 0.214947 0.619967 0.028846 0.051282
36 0.266596 0.525248 0.028846 0.051282
36 0.253404 0.676958 0.028846 0.051282
36 0.252426 0.647817 0.028846 0.051282
36 0.294968 0.694633 0.028846 0.051282
36 0.253415 0.695062 0.028846 0.051282
36 0.270168 0.65059 0.028846 0.051282
36 0.284232 0.553745 0.028846 0.051282
36 0.405163 0.499702 0.028846 0.051282
36 0.644942 0.693956 0.028846 0.051282
36 0.509362 0.342414 0.028846 0.051282
36 0.580967 0.739206 0.028846 0.051282
36 0.652922 0.758399 0.028846 0.051282
36 0.757787 0.840151 0.028846 0.051282
36 0.729235 0.844619 0.028846 0.051282
36 0.750518 0.86217 0.028846 0.051282
36 0.673311 0.619393 0.028846 0.051282
36 0.718684 0.768207 0.028846 0.051282
36 0.642636 0.741378 0.028846 0.051282
36 0.653463 0.788313 0.028846 0.051282
36 0.627468 0.747333 0.028846 0.051282
36 0.656427 0.80835 0.028846 0.051282
36 0.647308 0.677622 0.028846 0.051282
36 0.663632 0.700765 0.028846 0.051282
36 0.530865 0.623509 0.028846 0.051282
36 0.630132 0.654932 0.028846 0.051282
36 0.658332 0.707358 0.028846 0.051282
36 0.507696 0.591496 0.028846 0.051282
36 0.48377 0.545063 0.028846 0.051282
36 0.629493 0.667201 0.028846 0.051282
36 0.416935 0.727665 0.028846 0.051282
36 0.611356 0.640539 0.028846 0.051282
