0 0.669233 0.490091 0.078125 0.138889
1 0.465311 0.507497 0.052083 0.092593
1 0.237539 0.370995 0.052083 0.092593
1 0.19031 0.136902 0.052083 0.092593
1 0.259353 0.325469 0.052083 0.092593
1 0.508993 0.526364 0.052083 0.092593
2 0.622631 0.090758 0.052083 0.092593
2 0.606071 0.151899 0.052083 0.092593
2 0.625172 0.047917 0.052083 0.092593
19 0.754341 0.677738 0.078125 0.138889
19 0.259483 0.087823 0.078125 0.138889
4 0.165853 0.759601 0.052083 0.092593
4 0.237417 0.758226 0.052083 0.092593
4 0.820961 0.319302 0.052083 0.092593
36 0.511953 0.03427 0.028846 0.051282
36 0.579895 0.756057 0.028846 0.051282
36 0.559515 0.766545 0.028846 0.051282
36 0.830852 0.379617 0.028846 0.051282
36 0.847095 0.316472 0.028846 0.051282
36 0.498728 0.284137 0.028846 0.051282
36 0.7758 0.148697 0.028846 0.051282
36 0.560594 0.446617 0.028846 0.051282
36 0.535531 0.52699 0.028846 0.051282
36 0.46667 0.279675 0.028846 0.051282
36 0.454149 0.162409 0.028846 0.051282
36 0.695853 0.46581 0.028846 0.051282
36 0.499827 0.138729 0.028846 0.051282
36 0.550668 0.454576 0.028846 0.051282
36 0.584516 0.134942 0.028846 0.051282
