0 0.716904 0.49 0.078125 0.138889
1 0.791919 0.890703 0.052083 0.092593
6 0.530837 0.930809 0.117188 0.208333
17 0.051095 0.538979 0.0625 0.111111
16 0.883832 0.53424 0.078125 0.138889
37 0.860873 0.655996 0.041667 0.074074
36 0.78089 0.952731 0.028846 0.051282
36 0.73777 0.950985 0.028846 0.051282
36 0.749119 0.877052 0.028846 0.051282
36 0.728658 0.965348 0.028846 0.051282
36 0.836793 0.710689 0.028846 0.051282
36 0.423072 0.233323 0.028846 0.051282
36 0.280353 0.817925 0.028846 0.051282
36 0.71802 0.739372 0.028846 0.051282
36 0.728854 0.714668 0.028846 0.051282
36 0.321115 0.897335 0.028846 0.051282
36 0.269888 0.947084 0.028846 0.051282
36 0.292105 0.850464 0.028846 0.051282
36 0.047302 0.971401 0.028846 0.051282
36 0.11359 0.581418 0.028846 0.051282
36 0.092712 0.653423 0.028846 0.051282
36 0.591 0.730277 0.028846 0.051282
36 0.818833 0.670949 0.028846 0.051282
36 0.8045 0.829892 0.028846 0.051282
36 0.082815 0.369852 0.028846 0.051282
36 0.125844 0.751206 0.028846 0.051282
