0 0.603103 0.238292 0.078125 0.138889
6 0.058712 0.497846 0.117188 0.208333
6 0.272437 0.424477 0.117188 0.208333
6 0.390362 0.306473 0.117188 0.208333
3 0.637234 0.881438 0.052083 0.092593
3 0.218098 0.593942 0.052083 0.092593
3 0.56795 0.502711 0.052083 0.092593
1 0.543626 0.510619 0.052083 0.092593
1 0.555357 0.894965 0.052083 0.092593
18 0.482093 0.607805 0.117188 0.208333
18 0.354777 0.321732 0.117188 0.208333
18 0.451539 0.467939 0.117188 0.208333
1 0.242683 0.364 0.052083 0.092593
1 0.260382 0.392856 0.052083 0.092593
3 0.384274 0.895326 0.052083 0.092593
1 0.689186 0.417088 0.052083 0.092593
35 0.010456 0.712503 0.083705 0.14881
38 0.280234 0.841427 0.052083 0.092593
37 0.412173 0.860453 0.041667 0.074074
37 0.024516 0.610254 0.041667 0.074074
36 0.801782 0.922791 0.028846 0.051282
36 0.643158 0.599557 0.028846 0.051282
36 0.395529 0.694629 0.028846 0.051282
36 0.347963 0.769197 0.028846 0.051282
36 0.415527 0.899826 0.028846 0.051282
36 0.417782 0.948729 0.028846 0.051282
36 0.431163 0.909202 0.028846 0.051282
36 0.466423 0.966102 0.028846 0.051282
36 0.433812 0.878759 0.028846 0.051282
36 0.473683 0.877113 0.028846 0.051282
36 0.392737 0.865259 0.028846 0.051282
36 0.007824 0.493482 0.028846 0.051282
36 0.021009 0.531968 0.028846 0.051282
36 0.000257 0.443538 0.028846 0.051282
36 0.444308 0.85807 0.028846 0.051282
36 0.47584 0.789057 0.028846 0.051282
36 0.405525 0.86708 0.028846 0.051282
36 0.531764 0.88379 0.028846 0.051282
36 0.347588 0.7482 0.028846 0.051282
36 0.181879 0.448171 0.028846 0.051282
36 0.166421 0.362819 0.028846 0.051282
36 0.227149 0.361121 0.028846 0.051282
36 0.367787 0.694686 0.028846 0.051282
36 0.43516 0.64104 0.028846 0.051282
36 0.461594 0.691455 0.028846 0.051282
36 0.478511 0.711342 0.028846 0.051282
36 0.431665 0.256064 0.028846 0.051282
36 0.42123 0.259114 0.028846 0.051282
36 0.455924 0.231831 0.028846 0.051282
36 0.602932 0.326176 0.028846 0.051282
36 0.607067 0.384031 0.028846 0.051282
36 0.633986 0.27569 0.028846 0.051282
36 0.653471 0.371931 0.028846 0.051282
36 0.706587 0.368962 0.028846 0.051282
