0 0.5 0.49 0.078125 0.138889
2 0.28533 0.382384 0.052083 0.092593
15 0.687888 0.578279 0.078125 0.138889
15 0.710968 0.665058 0.078125 0.138889
15 0.689261 0.651076 0.078125 0.138889
15 0.687779 0.614316 0.078125 0.138889
15 0.708868 0.591885 0.078125 0.138889
15 0.351005 0.849374 0.078125 0.138889
15 0.342381 0.911004 0.078125 0.138889
15 0.286431 0.952301 0.078125 0.138889
15 0.279586 0.991389 0.078125 0.138889
2 0.893261 0.709208 0.052083 0.092593
2 0.317842 0.040048 0.052083 0.092593
2 0.924239 0.216149 0.052083 0.092593
2 0.253515 0.019497 0.052083 0.092593
2 0.453029 0.927867 0.052083 0.092593
2 0.696326 0.243584 0.052083 0.092593
2 0.189026 0.159454 0.052083 0.092593
2 0.642902 0.656054 0.052083 0.092593
37 0.666684 0.634796 0.041667 0.074074
36 0.63852 0.2376 0.028846 0.051282
36 0.590091 0.242302 0.028846 0.051282
36 0.532802 0.502606 0.028846 0.051282
36 0.515638 0.195048 0.028846 0.051282
36 0.551205 0.258147 0.028846 0.051282
36 0.535893 0.227096 0.028846 0.051282
36 0.581629 0.289615 0.028846 0.051282
36 0.254576 0.244376 0.028846 0.051282
36 0.489835 0.366347 0.028846 0.051282
36 0.219112 0.215972 0.028846 0.051282
36 0.499139 0.273268 0.028846 0.051282
36 0.530054 0.304033 0.028846 0.051282
36 0.167018 0.252 0.028846 0.051282
36 0.464932 0.403367 0.028846 0.051282
36 0.206713 0.658176 0.028846 0.051282
36 0.123289 0.321675 0.028846 0.051282
36 0.53723 0.296476 0.028846 0.051282
36 0.174938 0.226955 0.028846 0.051282
36 0.161746 0.378665 0.028846 0.051282
36 0.160768 0.349525 0.028846 0.051282
36 0.20331 0.396341 0.028846 0.051282
36 0.537418 0.312 0.028846 0.051282
36 0.260189 0.722537 0.028846 0.051282
36 0.161757 0.39677 0.028846 0.051282
36 0.17851 0.352297 0.028846 0.051282
36 0.192574 0.255452 0.028846 0.051282
36 0.679838 0.642743 0.028846 0.051282
