0 0.318581 0.49 0.078125 0.138889
3 0.584844 0.322878 0.052083 0.092593
18 0.544778 0.474186 0.117188 0.208333
1 0.665853 0.436969 0.052083 0.092593
1 0.656005 0.475727 0.052083 0.092593
1 0.533211 0.526134 0.052083 0.092593
1 0.691186 0.407183 0.052083 0.092593
1 0.5559 0.505692 0.052083 0.092593
6 0.650418 0.409329 0.117188 0.208333
6 0.673076 0.114099 0.117188 0.208333
6 0.232702 0.878446 0.117188 0.208333
6 0.510086 0.554948 0.117188 0.208333
3 0.781126 0.959049 0.052083 0.092593
38 0.4469 0.514051 0.052083 0.092593
36 0.968448 0.595415 0.028846 0.051282
36 0.809825 0.27218 0.028846 0.051282
