0 0.388201 0.49 0.078125 0.138889
12 0.90118 0.393342 0.052083 0.092593
17 0.781723 0.613127 0.0625 0.111111
17 0.657666 0.593164 0.0625 0.111111
6 0.575099 0.890042 0.117188 0.208333
17 0.612183 0.7123 0.0625 0.111111
6 0.324845 0.898393 0.117188 0.208333
17 0.583795 0.750699 0.0625 0.111111
1 0.537584 0.071363 0.052083 0.092593
17 0.611274 0.33416 0.0625 0.111111
14 0.636026 0.90784 0.0625 0.111111
14 0.689779 0.760127 0.0625 0.111111
14 0.944928 0.308632 0.0625 0.111111
14 0.993974 0.892844 0.0625 0.111111
17 0.255095 0.003438 0.0625 0.111111
14 0.53332 0.316734 0.0625 0.111111
17 0.288338 0.089392 0.0625 0.111111
17 0.26864 0.087906 0.0625 0.111111
37 0.761042 0.963396 0.041667 0.074074
37 0.506761 0.12116 0.041667 0.074074
37 0.949694 0.704319 0.041667 0.074074
36 0.871045 0.858439 0.028846 0.051282
36 0.921396 0.808464 0.028846 0.051282
36 0.947557 0.630104 0.028846 0.051282
36 0.961825 0.846698 0.028846 0.051282
36 0.740169 0.821242 0.028846 0.051282
36 0.483831 0.57151 0.028846 0.051282
36 0.415307 0.505228 0.028846 0.051282
36 0.249482 0.047225 0.028846 0.051282
36 0.922659 0.444415 0.028846 0.051282
36 0.96606 0.299043 0.028846 0.051282
36 0.944604 0.758357 0.028846 0.051282
36 0.869631 0.235603 0.028846 0.051282
36 0.698083 0.816427 0.028846 0.051282
36 0.594202 0.233558 0.028846 0.051282
36 0.516345 0.370397 0.028846 0.051282
36 0.778609 0.759464 0.028846 0.051282
36 0.877683 0.862848 0.028846 0.051282
36 0.901407 0.909105 0.028846 0.051282
36 0.999479 0.187488 0.028846 0.051282
36 0.434189 0.288563 0.028846 0.051282
36 0.991125 0.468602 0.028846 0.051282
36 0.967751 0.661393 0.028846 0.051282
36 0.618041 0.097087 0.028846 0.051282
36 0.409102 0.395098 0.028846 0.051282
36 0.482007 0.601861 0.028846 0.051282
