0 0.5 0.49 0.078125 0.138889
4 0.667842 0.691484 0.052083 0.092593
4 0.852338 0.342027 0.052083 0.092593
4 0.759857 0.686934 0.052083 0.092593
6 0.443512 0.977559 0.117188 0.208333
6 0.048992 0.552425 0.117188 0.208333
37 0.376871 0.210626 0.041667 0.074074
37 0.603959 0.066852 0.041667 0.074074
37 0.562586 0.20795 0.041667 0.074074
37 0.325402 0.486287 0.041667 0.074074
36 0.974592 0.34479 0.028846 0.051282
36 0.297846 0.336571 0.028846 0.051282
36 0.304187 0.15488 0.028846 0.051282
36 0.294586 0.207791 0.028846 0.051282
36 0.261513 0.291892 0.028846 0.051282
36 0.214874 0.29425 0.028846 0.051282
36 0.308999 0.156512 0.028846 0.051282
36 0.309057 0.368529 0.028846 0.051282
36 0.281955 0.374786 0.028846 0.051282
36 0.193811 0.391769 0.028846 0.051282
36 0.230773 0.410938 0.028846 0.051282
36 0.568514 0.031023 0.028846 0.051282
36 0.523621 0.180791 0.028846 0.051282
36 0.579466 0.071157 0.028846 0.051282
36 0.508465 0.237922 0.028846 0.051282
36 0.571823 0.169028 0.028846 0.051282
36 0.519996 0.330003 0.028846 0.051282
36 0.509734 0.023303 0.028846 0.051282
36 0.478649 0.04074 0.028846 0.051282
36 0.512611 0.041195 0.028846 0.051282
36 0.456857 0.049483 0.028846 0.051282
36 0.833421 0.127666 0.028846 0.051282
36 0.551348 0.080285 0.028846 0.051282
36 0.976329 0.079355 0.028846 0.051282
36 0.660821 0.1039 0.028846 0.051282
36 0.575582 0.25073 0.028846 0.051282
36 0.576878 0.222751 0.028846 0.051282
36 0.554467 0.26837 0.028846 0.051282
36 0.522438 0.116468 0.028846 0.051282
36 0.390222 0.071557 0.028846 0.051282
36 0.540539 0.159508 0.028846 0.051282
36 0.499085 0.178596 0.028846 0.051282
36 0.519627 0.002264 0.028846 0.051282
36 0.794681 0.571084 0.028846 0.051282
36 0.563281 0.333173 0.028846 0.051282
36 0.220475 0.581597 0.028846 0.051282
36 0.381555 0.426364 0.028846 0.051282
36 0.409898 0.292758 0.028846 0.051282
36 0.489442 0.298936 0.028846 0.051282
36 0.462139 0.38416 0.028846 0.051282
36 0.460697 0.2364 0.028846 0.051282
