0 0.493346 0.49 0.078125 0.138889
3 0.540072 0.632855 0.052083 0.092593
1 0.557292 0.516081 0.052083 0.092593
1 0.288984 0.8961 0.052083 0.092593
1 0.484625 0.77812 0.052083 0.092593
1 0.664377 0.563257 0.052083 0.092593
1 0.54855 0.610229 0.052083 0.092593
1 0.637416 0.669576 0.052083 0.092593
14 0.577314 0.752795 0.0625 0.111111
14 0.991519 0.123034 0.0625 0.111111
14 0.477618 0.709826 0.0625 0.111111
8 0.952406 0.44165 0.055804 0.099206
8 0.551356 0.646224 0.055804 0.099206
37 0.711186 0.863033 0.041667 0.074074
36 0.462962 0.572165 0.028846 0.051282
36 0.701403 0.908493 0.028846 0.051282
36 0.961978 0.280794 0.028846 0.051282
36 0.655862 0.490212 0.028846 0.051282
36 0.617557 0.512043 0.028846 0.051282
36 0.634969 0.475744 0.028846 0.051282
36 0.619698 0.510852 0.028846 0.051282
36 0.519955 0.271944 0.028846 0.051282
36 0.520931 0.551666 0.028846 0.051282
