0 0.5 0.49 0.078125 0.138889
13 0.276107 0.333496 0.0625 0.111111
15 0.665383 0.960492 0.078125 0.138889
15 0.792378 0.890098 0.078125 0.138889
15 0.841561 0.980336 0.078125 0.138889
15 0.60127 0.862056 0.078125 0.138889
15 0.650014 0.719524 0.078125 0.138889
15 0.635871 0.639417 0.078125 0.138889
2 0.67099 0.391519 0.052083 0.092593
2 0.695923 0.445172 0.052083 0.092593
2 0.716711 0.254505 0.052083 0.092593
2 0.783995 0.300672 0.052083 0.092593
2 0.718913 0.440263 0.052083 0.092593
2 0.810362 0.436024 0.052083 0.092593
2 0.750114 0.268448 0.052083 0.092593
2 0.822572 0.222521 0.052083 0.092593
2 0.731458 0.408306 0.052083 0.092593
37 0.359593 0.607823 0.041667 0.074074
37 0.587193 0.384706 0.041667 0.074074
37 0.586682 0.464049 0.041667 0.074074
37 0.308124 0.883484 0.041667 0.074074
37 0.7183 0.126931 0.041667 0.074074
37 0.691046 0.557675 0.041667 0.074074
37 0.679753 0.569507 0.041667 0.074074
37 0.416632 0.682151 0.041667 0.074074
36 0.280568 0.733768 0.028846 0.051282
36 0.28691 0.552077 0.028846 0.051282
36 0.277308 0.604988 0.028846 0.051282
36 0.244236 0.689089 0.028846 0.051282
36 0.197596 0.691447 0.028846 0.051282
36 0.291721 0.553709 0.028846 0.051282
36 0.29178 0.765726 0.028846 0.051282
36 0.264677 0.771983 0.028846 0.051282
36 0.176534 0.788966 0.028846 0.051282
36 0.213495 0.808135 0.028846 0.051282
36 0.89801 0.395394 0.028846 0.051282
36 0.959051 0.476552 0.028846 0.051282
36 0.372944 0.468754 0.028846 0.051282
36 0.203198 0.978794 0.028846 0.051282
36 0.39262 0.689955 0.028846 0.051282
36 0.460251 0.51826 0.028846 0.051282
36 0.478273 0.521668 0.028846 0.051282
36 0.771699 0.071717 0.028846 0.051282
36 0.53269 0.324146 0.028846 0.051282
36 0.592447 0.285972 0.028846 0.051282
36 0.802753 0.309149 0.028846 0.051282
36 0.682862 0.511507 0.028846 0.051282
36 0.669703 0.480311 0.028846 0.051282
36 0.627141 0.570871 0.028846 0.051282
36 0.589224 0.929381 0.028846 0.051282
36 0.794081 0.496932 0.028846 0.051282
36 0.711466 0.494987 0.028846 0.051282
36 0.787865 0.586234 0.028846 0.051282
36 0.69713 0.52745 0.028846 0.051282
36 0.630045 0.867531 0.028846 0.051282
36 0.290737 0.861895 0.028846 0.051282
36 0.490384 0.529398 0.028846 0.051282
36 0.399159 0.689857 0.028846 0.051282
36 0.485183 0.806854 0.028846 0.051282
36 0.408168 0.652197 0.028846 0.051282
36 0.420995 0.697201 0.028846 0.051282
36 0.428548 0.743739 0.028846 0.051282
36 0.464401 0.542287 0.028846 0.051282
36 0.423999 0.759782 0.028846 0.051282
36 0.422609 0.73491 0.028846 0.051282
36 0.423221 0.698829 0.028846 0.051282
36 0.624252 0.373103 0.028846 0.051282
36 0.623707 0.66483 0.028846 0.051282
36 0.556126 0.282415 0.028846 0.051282
