0 0.583264 0.557177 0.078125 0.138889
8 0.243301 0.504902 0.055804 0.099206
37 0.379353 0.091436 0.041667 0.074074
37 0.512103 0.261218 0.041667 0.074074
36 0.1608 0.629337 0.028846 0.051282
36 0.158307 0.627356 0.028846 0.051282
36 0.254227 0.313724 0.028846 0.051282
36 0.179382 0.213412 0.028846 0.051282
36 0.272941 0.435824 0.028846 0.051282
36 0.299785 0.312663 0.028846 0.051282
36 0.340688 0.027565 0.028846 0.051282
36 0.378217 0.286018 0.028846 0.051282
36 0.583894 0.661067 0.028846 0.051282
36 0.509953 0.212593 0.028846 0.051282
36 0.691524 0.353264 0.028846 0.051282
36 0.559975 0.086752 0.028846 0.051282
36 0.498621 0.091277 0.028846 0.051282
36 0.438738 0.212527 0.028846 0.051282
36 0.713141 0.319964 0.028846 0.051282
