0 0.334312 0.201181 0.078125 0.138889
14 0.581242 0.627722 0.0625 0.111111
25 0.862431 0.997257 0.072917 0.12963
25 0.942043 0.918348 0.072917 0.12963
14 0.71587 0.734636 0.0625 0.111111
14 0.496594 0.917681 0.0625 0.111111
14 0.688956 0.47016 0.0625 0.111111
14 0.731768 0.909693 0.0625 0.111111
14 0.595738 0.717442 0.0625 0.111111
1 0.912932 0.526709 0.052083 0.092593
1 0.210979 0.746775 0.052083 0.092593
3 0.656205 0.405667 0.052083 0.092593
3 0.931394 0.847947 0.052083 0.092593
14 0.972373 0.669499 0.0625 0.111111
14 0.889568 0.705623 0.0625 0.111111
14 0.160118 0.878553 0.0625 0.111111
14 0.856902 0.853951 0.0625 0.111111
14 0.107632 0.791522 0.0625 0.111111
37 0.655378 0.482227 0.041667 0.074074
37 0.184089 0.481082 0.041667 0.074074
38 0.30909 0.455292 0.052083 0.092593
37 0.57792 0.945905 0.041667 0.074074
37 0.628095 0.564286 0.041667 0.074074
36 0.806138 0.400408 0.028846 0.051282
36 0.897671 0.569199 0.028846 0.051282
36 0.987628 0.698758 0.028846 0.051282
36 0.863376 0.290772 0.028846 0.051282
36 0.976286 0.501968 0.028846 0.051282
36 0.661049 0.537952 0.028846 0.051282
36 0.659811 0.479225 0.028846 0.051282
36 0.226694 0.525116 0.028846 0.051282
36 0.150887 0.564389 0.028846 0.051282
36 0.169675 0.450271 0.028846 0.051282
36 0.235494 0.724359 0.028846 0.051282
36 0.518922 0.878195 0.028846 0.051282
36 0.493146 0.85695 0.028846 0.051282
36 0.163289 0.671554 0.028846 0.051282
36 0.276121 0.68066 0.028846 0.051282
36 0.56638 0.985769 0.028846 0.051282
36 0.827484 0.50056 0.028846 0.051282
36 0.992537 0.449062 0.028846 0.051282
36 0.680555 0.480663 0.028846 0.051282
36 0.646803 0.396603 0.028846 0.051282
36 0.648204 0.353702 0.028846 0.051282
36 0.493109 0.961533 0.028846 0.051282
36 0.92365 0.644508 0.028846 0.051282
36 0.911036 0.65022 0.028846 0.051282
36 0.924653 0.654973 0.028846 0.051282
36 0.587808 0.996476 0.028846 0.051282
36 0.431085 0.841948 0.028846 0.051282
36 0.312474 0.560629 0.028846 0.051282
36 0.410669 0.449314 0.028846 0.051282
36 0.627109 0.608277 0.028846 0.051282
36 0.629523 0.587244 0.028846 0.051282
36 0.613917 0.614381 0.028846 0.051282
36 0.503006 0.490366 0.028846 0.051282
36 0.490345 0.660324 0.028846 0.051282
