0 0.384885 0.49 0.078125 0.138889
14 0.654355 0.398945 0.0625 0.111111
1 0.784238 0.606925 0.052083 0.092593
1 0.598498 0.581876 0.052083 0.092593
1 0.697207 0.682299 0.052083 0.092593
25 0.61105 0.159742 0.072917 0.12963
14 0.794865 0.034955 0.0625 0.111111
14 0.751819 0.093775 0.0625 0.111111
38 0.343055 0.578596 0.052083 0.092593
37 0.452563 0.639127 0.041667 0.074074
37 0.57792 0.323993 0.041667 0.074074
36 0.987628 0.076845 0.028846 0.051282
36 0.903273 0.811036 0.028846 0.051282
36 0.67866 0.103082 0.028846 0.051282
36 0.561093 0.773351 0.028846 0.051282
36 0.284654 0.522596 0.028846 0.051282
36 0.339744 0.599263 0.028846 0.051282
36 0.371967 0.657078 0.028846 0.051282
36 0.421046 0.674753 0.028846 0.051282
36 0.285162 0.502053 0.028846 0.051282
36 0.345258 0.554758 0.028846 0.051282
36 0.85226 0.286278 0.028846 0.051282
36 0.866972 0.362571 0.028846 0.051282
36 0.882976 0.766333 0.028846 0.051282
36 0.83818 0.682666 0.028846 0.051282
36 0.303035 0.573969 0.028846 0.051282
36 0.233536 0.667967 0.028846 0.051282
36 0.337512 0.852568 0.028846 0.051282
36 0.337455 0.68579 0.028846 0.051282
36 0.549127 0.329612 0.028846 0.051282
36 0.597083 0.37671 0.028846 0.051282
36 0.724526 0.332534 0.028846 0.051282
36 0.623995 0.372526 0.028846 0.051282
36 0.578698 0.326114 0.028846 0.051282
36 0.605085 0.49179 0.028846 0.051282
36 0.760414 0.004979 0.028846 0.051282
36 0.674252 0.159146 0.028846 0.051282
36 0.823332 0.25039 0.028846 0.051282
36 0.755606 0.044513 0.028846 0.051282
36 0.631749 0.313914 0.028846 0.051282
36 0.421035 0.786804 0.028846 0.051282
36 0.702912 0.255319 0.028846 0.051282
36 0.475306 0.751638 0.028846 0.051282
36 0.235494 0.102447 0.028846 0.051282
36 0.518922 0.256283 0.028846 0.051282
36 0.539006 0.173852 0.028846 0.051282
36 0.493146 0.235038 0.028846 0.051282
36 0.163289 0.049642 0.028846 0.051282
