0 0.376811 0.49 0.078125 0.138889
14 0.651673 0.079598 0.0625 0.111111
14 0.860569 0.537013 0.0625 0.111111
14 0.763606 0.388443 0.0625 0.111111
25 0.741306 0.424673 0.072917 0.12963
25 0.99361 0.533971 0.072917 0.12963
25 0.190035 0.061076 0.072917 0.12963
25 0.669625 0.396316 0.072917 0.12963
1 0.121165 0.771988 0.052083 0.092593
14 0.428914 0.034008 0.0625 0.111111
35 0.322964 0.786791 0.083705 0.14881
36 0.468271 0.252975 0.028846 0.051282
36 0.806138 0.01865 0.028846 0.051282
36 0.897671 0.187442 0.028846 0.051282
36 0.987628 0.317001 0.028846 0.051282
36 0.976286 0.12021 0.028846 0.051282
36 0.714847 0.41677 0.028846 0.051282
36 0.699557 0.382128 0.028846 0.051282
36 0.67866 0.343237 0.028846 0.051282
36 0.499217 0.310276 0.028846 0.051282
36 0.497541 0.131664 0.028846 0.051282
36 0.778665 0.468468 0.028846 0.051282
36 0.690669 0.727079 0.028846 0.051282
36 0.661049 0.156195 0.028846 0.051282
36 0.540974 0.821271 0.028846 0.051282
36 0.181335 0.537467 0.028846 0.051282
36 0.475091 0.368185 0.028846 0.051282
36 0.492786 0.211242 0.028846 0.051282
36 0.41216 0.24196 0.028846 0.051282
36 0.385817 0.26099 0.028846 0.051282
36 0.373274 0.239166 0.028846 0.051282
36 0.425225 0.164062 0.028846 0.051282
36 0.447697 0.180262 0.028846 0.051282
36 0.590864 0.128599 0.028846 0.051282
