0 0.710519 0.49 0.078125 0.138889
16 0.461392 0.957472 0.078125 0.138889
14 0.407858 0.870424 0.0625 0.111111
14 0.613112 0.748294 0.0625 0.111111
14 0.265747 0.535158 0.0625 0.111111
2 0.326678 0.515385 0.052083 0.092593
1 0.296696 0.946081 0.052083 0.092593
1 0.241303 0.967049 0.052083 0.092593
1 0.28352 0.912583 0.052083 0.092593
1 0.292683 0.866834 0.052083 0.092593
2 0.475688 0.88294 0.052083 0.092593
2 0.266986 0.214186 0.052083 0.092593
2 0.204259 0.670551 0.052083 0.092593
2 0.428935 0.947775 0.052083 0.092593
1 0.04698 0.873375 0.052083 0.092593
2 0.806753 0.936983 0.052083 0.092593
14 0.150658 0.35296 0.0625 0.111111
14 0.34133 0.854118 0.0625 0.111111
14 0.505734 0.891426 0.0625 0.111111
14 0.786951 0.119425 0.0625 0.111111
14 0.533042 0.871133 0.0625 0.111111
14 0.647 0.877463 0.0625 0.111111
37 0.121043 0.92977 0.041667 0.074074
37 0.166579 0.262797 0.041667 0.074074
37 0.040569 0.147304 0.041667 0.074074
37 0.195861 0.78025 0.041667 0.074074
37 0.628333 0.674639 0.041667 0.074074
37 0.689388 0.349169 0.041667 0.074074
37 0.237674 0.528348 0.041667 0.074074
37 0.612316 0.548911 0.041667 0.074074
37 0.258135 0.580418 0.041667 0.074074
37 0.027689 0.191411 0.041667 0.074074
37 0.954786 0.614041 0.041667 0.074074
36 0.525839 0.154303 0.028846 0.051282
36 0.149904 0.321469 0.028846 0.051282
36 0.030918 0.121277 0.028846 0.051282
36 0.300352 0.061217 0.028846 0.051282
36 0.753823 0.293394 0.028846 0.051282
36 0.156211 0.253278 0.028846 0.051282
36 0.222771 0.558056 0.028846 0.051282
36 0.066107 0.732784 0.028846 0.051282
36 0.16085 0.051344 0.028846 0.051282
36 0.156715 0.739594 0.028846 0.051282
36 0.269028 0.341043 0.028846 0.051282
36 0.113435 0.634967 0.028846 0.051282
36 0.65899 0.797061 0.028846 0.051282
36 0.126358 0.584447 0.028846 0.051282
36 0.355079 0.862173 0.028846 0.051282
36 0.605043 0.803557 0.028846 0.051282
36 0.562063 0.616048 0.028846 0.051282
36 0.702915 0.6978 0.028846 0.051282
36 0.191618 0.709644 0.028846 0.051282
36 0.198116 0.328207 0.028846 0.051282
36 0.243826 0.577693 0.028846 0.051282
36 0.353796 0.389669 0.028846 0.051282
36 0.86613 0.31372 0.028846 0.051282
36 0.237197 0.807005 0.028846 0.051282
36 0.224075 0.654012 0.028846 0.051282
36 0.141039 0.400935 0.028846 0.051282
36 0.830346 0.174267 0.028846 0.051282
36 0.360444 0.17222 0.028846 0.051282
36 0.196943 0.311516 0.028846 0.051282
36 0.859962 0.135044 0.028846 0.051282
36 0.739717 0.303785 0.028846 0.051282
36 0.721336 0.080735 0.028846 0.051282
36 0.774138 0.912397 0.028846 0.051282
36 0.963014 0.59908 0.028846 0.051282
36 0.935316 0.569071 0.028846 0.051282
36 0.923128 0.635414 0.028846 0.051282
