0 0.496177 0.49 0.078125 0.138889
14 0.827762 0.503299 0.0625 0.111111
14 0.902964 0.476948 0.0625 0.111111
14 0.602328 0.067314 0.0625 0.111111
16 0.942712 0.08322 0.078125 0.138889
36 0.972115 0.459767 0.028846 0.051282
36 0.638925 0.029106 0.028846 0.051282
36 0.88037 0.574918 0.028846 0.051282
36 0.9339 0.588917 0.028846 0.051282
36 0.447016 0.327307 0.028846 0.051282
36 0.663223 0.87644 0.028846 0.051282
36 0.693401 0.821856 0.028846 0.051282
36 0.467021 0.289427 0.028846 0.051282
36 0.480333 0.326148 0.028846 0.051282
36 0.460052 0.284298 0.028846 0.051282
36 0.486931 0.246595 0.028846 0.051282
36 0.636148 0.548333 0.028846 0.051282
36 0.748671 0.620453 0.028846 0.051282
36 0.687981 0.781648 0.028846 0.051282
