0 0.226585 0.49 0.078125 0.138889
14 0.75037 0.791642 0.0625 0.111111
1 0.851994 0.82898 0.052083 0.092593
2 0.589725 0.571043 0.052083 0.092593
2 0.565396 0.57493 0.052083 0.092593
2 0.662288 0.608891 0.052083 0.092593
2 0.608 0.624756 0.052083 0.092593
2 0.628289 0.656157 0.052083 0.092593
1 0.720525 0.218357 0.052083 0.092593
1 0.860144 0.168015 0.052083 0.092593
17 0.718024 0.819094 0.0625 0.111111
17 0.638989 0.549092 0.0625 0.111111
17 0.487418 0.766367 0.0625 0.111111
1 0.614506 0.914253 0.052083 0.092593
1 0.82849 0.309388 0.052083 0.092593
17 0.721241 0.634798 0.0625 0.111111
17 0.54793 0.51887 0.0625 0.111111
1 0.997302 0.405292 0.052083 0.092593
17 0.727563 0.473896 0.0625 0.111111
1 0.654812 0.187054 0.052083 0.092593
17 0.652159 0.441533 0.0625 0.111111
1 0.853286 0.287915 0.052083 0.092593
17 0.719691 0.609679 0.0625 0.111111
1 0.478891 0.950446 0.052083 0.092593
17 0.591573 0.68943 0.0625 0.111111
3 0.88713 0.683357 0.052083 0.092593
3 0.153262 0.244562 0.052083 0.092593
14 0.530983 0.977913 0.0625 0.111111
14 0.125171 0.802024 0.0625 0.111111
37 0.28771 0.976125 0.041667 0.074074
37 0.333245 0.309152 0.041667 0.074074
37 0.207235 0.193659 0.041667 0.074074
37 0.362528 0.826604 0.041667 0.074074
37 0.794999 0.720993 0.041667 0.074074
37 0.856055 0.395524 0.041667 0.074074
37 0.40434 0.574703 0.041667 0.074074
37 0.778983 0.595266 0.041667 0.074074
37 0.424801 0.626773 0.041667 0.074074
37 0.194356 0.237766 0.041667 0.074074
37 0.650671 0.865332 0.041667 0.074074
37 0.351062 0.959491 0.041667 0.074074
37 0.056753 0.256795 0.041667 0.074074
36 0.692506 0.200658 0.028846 0.051282
36 0.197584 0.167632 0.028846 0.051282
36 0.467019 0.107572 0.028846 0.051282
36 0.92049 0.339749 0.028846 0.051282
36 0.232774 0.779139 0.028846 0.051282
36 0.327517 0.097698 0.028846 0.051282
36 0.323381 0.785949 0.028846 0.051282
36 0.280101 0.681321 0.028846 0.051282
36 0.825656 0.843416 0.028846 0.051282
36 0.293025 0.630802 0.028846 0.051282
36 0.521745 0.908528 0.028846 0.051282
36 0.771709 0.849912 0.028846 0.051282
36 0.72873 0.662402 0.028846 0.051282
36 0.869582 0.744155 0.028846 0.051282
36 0.358284 0.755999 0.028846 0.051282
36 0.410493 0.624047 0.028846 0.051282
36 0.403864 0.85336 0.028846 0.051282
36 0.390742 0.700366 0.028846 0.051282
36 0.997013 0.220622 0.028846 0.051282
36 0.906384 0.35014 0.028846 0.051282
36 0.888002 0.12709 0.028846 0.051282
36 0.940805 0.958752 0.028846 0.051282
36 0.818777 0.891027 0.028846 0.051282
36 0.736707 0.824149 0.028846 0.051282
36 0.456877 0.655962 0.028846 0.051282
36 0.602879 0.925796 0.028846 0.051282
36 0.678775 0.772732 0.028846 0.051282
36 0.635335 0.697729 0.028846 0.051282
36 0.621834 0.77217 0.028846 0.051282
36 0.625286 0.796471 0.028846 0.051282
36 0.223075 0.74169 0.028846 0.051282
36 0.586931 0.07137 0.028846 0.051282
36 0.517919 0.656155 0.028846 0.051282
36 0.637224 0.334876 0.028846 0.051282
36 0.553649 0.738712 0.028846 0.051282
36 0.381717 0.690801 0.028846 0.051282
36 0.532819 0.680929 0.028846 0.051282
36 0.333699 0.877596 0.028846 0.051282
36 0.50431 0.806851 0.028846 0.051282
