0 0.643046 0.49 0.078125 0.138889
1 0.43677 0.599421 0.052083 0.092593
1 0.469223 0.658845 0.052083 0.092593
1 0.428468 0.773254 0.052083 0.092593
1 0.365628 0.931746 0.052083 0.092593
1 0.370838 0.884939 0.052083 0.092593
1 0.422161 0.428864 0.052083 0.092593
1 0.376739 0.975326 0.052083 0.092593
1 0.315243 0.623853 0.052083 0.092593
1 0.347267 0.484749 0.052083 0.092593
6 0.143195 0.412112 0.117188 0.208333
14 0.456801 0.348979 0.0625 0.111111
14 0.270485 0.784939 0.0625 0.111111
4 0.464253 0.703124 0.052083 0.092593
1 0.183662 0.164927 0.052083 0.092593
1 0.143168 0.648603 0.052083 0.092593
1 0.667746 0.95602 0.052083 0.092593
1 0.727739 0.970387 0.052083 0.092593
1 0.193455 0.128124 0.052083 0.092593
1 0.405492 0.201068 0.052083 0.092593
35 0.141679 0.192861 0.083705 0.14881
38 0.38939 0.815581 0.052083 0.092593
36 0.735246 0.651581 0.028846 0.051282
36 0.875807 0.902819 0.028846 0.051282
36 0.765979 0.702835 0.028846 0.051282
36 0.814703 0.786683 0.028846 0.051282
36 0.865719 0.778853 0.028846 0.051282
36 0.806238 0.585262 0.028846 0.051282
36 0.548041 0.302988 0.028846 0.051282
36 0.052241 0.603372 0.028846 0.051282
36 0.044716 0.605724 0.028846 0.051282
36 0.737967 0.775267 0.028846 0.051282
36 0.801607 0.705105 0.028846 0.051282
36 0.525826 0.519967 0.028846 0.051282
36 0.269102 0.728984 0.028846 0.051282
36 0.620207 0.169825 0.028846 0.051282
36 0.268231 0.740749 0.028846 0.051282
36 0.297894 0.834354 0.028846 0.051282
36 0.281948 0.829041 0.028846 0.051282
36 0.411783 0.925434 0.028846 0.051282
36 0.266386 0.686255 0.028846 0.051282
36 0.309938 0.74568 0.028846 0.051282
36 0.452284 0.715461 0.028846 0.051282
36 0.462831 0.695427 0.028846 0.051282
36 0.504816 0.66412 0.028846 0.051282
36 0.378177 0.663519 0.028846 0.051282
36 0.720174 0.951441 0.028846 0.051282
36 0.712906 0.939384 0.028846 0.051282
36 0.732696 0.928642 0.028846 0.051282
36 0.486899 0.782208 0.028846 0.051282
36 0.409296 0.807267 0.028846 0.051282
36 0.832802 0.55655 0.028846 0.051282
36 0.481357 0.582953 0.028846 0.051282
36 0.554409 0.371157 0.028846 0.051282
36 0.54052 0.110113 0.028846 0.051282
36 0.778008 0.772653 0.028846 0.051282
36 0.787166 0.765213 0.028846 0.051282
36 0.786665 0.868169 0.028846 0.051282
