0 0.499366 0.49 0.078125 0.138889
14 0.799371 0.062516 0.0625 0.111111
1 0.817985 0.441659 0.052083 0.092593
1 0.728742 0.735847 0.052083 0.092593
1 0.855488 0.191861 0.052083 0.092593
16 0.93891 0.044205 0.078125 0.138889
16 0.970482 0.949397 0.078125 0.138889
16 0.119829 0.039355 0.078125 0.138889
38 0.633013 0.565811 0.052083 0.092593
37 0.318163 0.04531 0.041667 0.074074
36 0.972115 0.273251 0.028846 0.051282
36 0.88037 0.388401 0.028846 0.051282
36 0.9339 0.4024 0.028846 0.051282
36 0.663223 0.689924 0.028846 0.051282
36 0.693401 0.635339 0.028846 0.051282
36 0.681349 0.577501 0.028846 0.051282
36 0.59238 0.67277 0.028846 0.051282
36 0.83787 0.42844 0.028846 0.051282
36 0.957589 0.465539 0.028846 0.051282
36 0.880409 0.015344 0.028846 0.051282
36 0.600847 0.416338 0.028846 0.051282
36 0.361954 0.377819 0.028846 0.051282
36 0.69264 0.444319 0.028846 0.051282
36 0.668933 0.419701 0.028846 0.051282
36 0.655107 0.51289 0.028846 0.051282
36 0.794378 0.703666 0.028846 0.051282
36 0.350477 0.66853 0.028846 0.051282
36 0.702722 0.872983 0.028846 0.051282
36 0.566043 0.478016 0.028846 0.051282
36 0.665865 0.589806 0.028846 0.051282
36 0.629927 0.581015 0.028846 0.051282
36 0.701234 0.467207 0.028846 0.051282
36 0.675417 0.619897 0.028846 0.051282
36 0.605228 0.604344 0.028846 0.051282
36 0.643349 0.484881 0.028846 0.051282
36 0.644379 0.593956 0.028846 0.051282
36 0.695768 0.897296 0.028846 0.051282
36 0.260902 0.8044 0.028846 0.051282
36 0.152454 0.643982 0.028846 0.051282
36 0.853628 0.259377 0.028846 0.051282
36 0.730376 0.445507 0.028846 0.051282
36 0.31984 0.061016 0.028846 0.051282
