0 0.5 0.49 0.078125 0.138889
14 0.438833 0.139173 0.0625 0.111111
17 0.235966 0.03127 0.0625 0.111111
17 0.116733 0.571006 0.0625 0.111111
1 0.34597 0.044255 0.052083 0.092593
16 0.241931 0.479011 0.078125 0.138889
1 0.335007 0.57819 0.052083 0.092593
1 0.284881 0.532948 0.052083 0.092593
1 0.229829 0.537755 0.052083 0.092593
1 0.182581 0.596838 0.052083 0.092593
1 0.209513 0.507588 0.052083 0.092593
1 0.896648 0.280854 0.052083 0.092593
1 0.103892 0.651301 0.052083 0.092593
14 0.917408 0.834998 0.0625 0.111111
14 0.447612 0.086707 0.0625 0.111111
14 0.16022 0.929305 0.0625 0.111111
14 0.524025 0.020465 0.0625 0.111111
14 0.491784 0.681168 0.0625 0.111111
17 0.289987 0.623055 0.0625 0.111111
37 0.580491 0.077728 0.041667 0.074074
38 0.216034 0.262478 0.052083 0.092593
38 0.278719 0.452058 0.052083 0.092593
37 0.987323 0.069873 0.041667 0.074074
36 0.036357 0.993077 0.028846 0.051282
36 0.88971 0.435705 0.028846 0.051282
36 0.065041 0.115051 0.028846 0.051282
36 0.720235 0.755105 0.028846 0.051282
36 0.80949 0.934053 0.028846 0.051282
36 0.040462 0.469025 0.028846 0.051282
36 0.766858 0.660295 0.028846 0.051282
36 0.399874 0.091505 0.028846 0.051282
36 0.224012 0.494598 0.028846 0.051282
36 0.114793 0.610606 0.028846 0.051282
36 0.046068 0.585395 0.028846 0.051282
36 0.760856 0.66866 0.028846 0.051282
36 0.24335 0.664316 0.028846 0.051282
36 0.241204 0.616162 0.028846 0.051282
36 0.793161 0.619595 0.028846 0.051282
36 0.169008 0.759344 0.028846 0.051282
36 0.151413 0.796301 0.028846 0.051282
36 0.968688 0.167293 0.028846 0.051282
36 0.515631 0.105001 0.028846 0.051282
36 0.264292 0.355595 0.028846 0.051282
36 0.755538 0.683817 0.028846 0.051282
36 0.575778 0.033163 0.028846 0.051282
36 0.269703 0.611575 0.028846 0.051282
36 0.29135 0.509899 0.028846 0.051282
36 0.266246 0.66692 0.028846 0.051282
36 0.692039 0.708466 0.028846 0.051282
36 0.296553 0.588023 0.028846 0.051282
36 0.251927 0.478996 0.028846 0.051282
36 0.443588 0.276676 0.028846 0.051282
36 0.398199 0.706905 0.028846 0.051282
36 0.390341 0.201479 0.028846 0.051282
36 0.424563 0.557207 0.028846 0.051282
36 0.275095 0.390277 0.028846 0.051282
