0 0.371719 0.49 0.078125 0.138889
8 0.622768 0.896822 0.055804 0.099206
14 0.554294 0.927485 0.0625 0.111111
14 0.805803 0.520313 0.0625 0.111111
14 0.295029 0.826955 0.0625 0.111111
3 0.905765 0.786676 0.052083 0.092593
14 0.768213 0.829226 0.0625 0.111111
14 0.77348 0.646602 0.0625 0.111111
14 0.893161 0.63025 0.0625 0.111111
14 0.879024 0.476514 0.0625 0.111111
14 0.9824 0.171881 0.0625 0.111111
14 0.978925 0.433761 0.0625 0.111111
14 0.265991 0.923704 0.0625 0.111111
14 0.923778 0.967972 0.0625 0.111111
14 0.600585 0.824296 0.0625 0.111111
14 0.987928 0.540232 0.0625 0.111111
37 0.655378 0.347909 0.041667 0.074074
37 0.184089 0.346764 0.041667 0.074074
38 0.30909 0.320974 0.052083 0.092593
36 0.806138 0.26609 0.028846 0.051282
36 0.897671 0.434881 0.028846 0.051282
36 0.987628 0.56444 0.028846 0.051282
36 0.863376 0.156454 0.028846 0.051282
36 0.976286 0.36765 0.028846 0.051282
36 0.67866 0.590676 0.028846 0.051282
36 0.661049 0.403634 0.028846 0.051282
36 0.181335 0.784906 0.028846 0.051282
36 0.590174 0.370833 0.028846 0.051282
36 0.453491 0.196193 0.028846 0.051282
36 0.659811 0.344907 0.028846 0.051282
36 0.285162 0.989648 0.028846 0.051282
36 0.620954 0.463356 0.028846 0.051282
36 0.85226 0.773872 0.028846 0.051282
36 0.866972 0.850165 0.028846 0.051282
36 0.699647 0.477256 0.028846 0.051282
36 0.423192 0.564764 0.028846 0.051282
36 0.521505 0.594288 0.028846 0.051282
36 0.350272 0.171162 0.028846 0.051282
36 0.226694 0.390798 0.028846 0.051282
36 0.150887 0.430071 0.028846 0.051282
36 0.263974 0.716378 0.028846 0.051282
36 0.162302 0.763027 0.028846 0.051282
36 0.222934 0.767358 0.028846 0.051282
36 0.243324 0.836294 0.028846 0.051282
36 0.549127 0.817207 0.028846 0.051282
36 0.233156 0.774947 0.028846 0.051282
36 0.352705 0.355821 0.028846 0.051282
36 0.392786 0.39132 0.028846 0.051282
36 0.597083 0.864304 0.028846 0.051282
36 0.724526 0.820129 0.028846 0.051282
36 0.623995 0.86012 0.028846 0.051282
36 0.505938 0.891152 0.028846 0.051282
