0 0.551525 0.49 0.078125 0.138889
15 0.099271 0.962956 0.078125 0.138889
1 0.020717 0.928861 0.052083 0.092593
1 0.641244 0.116871 0.052083 0.092593
1 0.812062 0.563264 0.052083 0.092593
1 0.079881 0.943798 0.052083 0.092593
1 0.357196 0.05525 0.052083 0.092593
1 0.238785 0.052034 0.052083 0.092593
1 0.190273 0.091053 0.052083 0.092593
1 0.666239 0.962468 0.052083 0.092593
1 0.83037 0.619156 0.052083 0.092593
35 0.832852 0.2763 0.083705 0.14881
37 0.485918 0.358864 0.041667 0.074074
38 0.121461 0.543613 0.052083 0.092593
37 0.548007 0.259111 0.041667 0.074074
37 0.233833 0.251368 0.041667 0.074074
38 0.184145 0.733193 0.052083 0.092593
36 0.757621 0.614381 0.028846 0.051282
36 0.773295 0.038747 0.028846 0.051282
36 0.795136 0.71684 0.028846 0.051282
36 0.237869 0.265761 0.028846 0.051282
36 0.228148 0.252388 0.028846 0.051282
36 0.18467 0.208666 0.028846 0.051282
36 0.798053 0.380355 0.028846 0.051282
36 0.550696 0.749367 0.028846 0.051282
36 0.541535 0.770823 0.028846 0.051282
36 0.610314 0.445327 0.028846 0.051282
36 0.414635 0.22383 0.028846 0.051282
36 0.628615 0.667585 0.028846 0.051282
36 0.621344 0.762056 0.028846 0.051282
36 0.428667 0.915999 0.028846 0.051282
36 0.388319 0.259063 0.028846 0.051282
36 0.672284 0.94143 0.028846 0.051282
36 0.330589 0.228869 0.028846 0.051282
36 0.3053 0.37264 0.028846 0.051282
36 0.129439 0.775733 0.028846 0.051282
36 0.239057 0.18057 0.028846 0.051282
36 0.196422 0.071721 0.028846 0.051282
36 0.650582 0.717673 0.028846 0.051282
36 0.704407 0.337973 0.028846 0.051282
