0 0.330541 0.49 0.078125 0.138889
14 0.721416 0.961667 0.0625 0.111111
14 0.177647 0.040265 0.0625 0.111111
14 0.91231 0.705027 0.0625 0.111111
8 0.734704 0.467204 0.055804 0.099206
8 0.800377 0.555968 0.055804 0.099206
8 0.781041 0.547543 0.055804 0.099206
8 0.779332 0.505726 0.055804 0.099206
8 0.84474 0.352184 0.055804 0.099206
25 0.570363 0.433691 0.072917 0.12963
37 0.655378 0.102603 0.041667 0.074074
38 0.343055 0.820885 0.052083 0.092593
37 0.452563 0.881416 0.041667 0.074074
37 0.184089 0.101458 0.041667 0.074074
38 0.30909 0.075669 0.052083 0.092593
37 0.57792 0.566281 0.041667 0.074074
36 0.806138 0.020784 0.028846 0.051282
36 0.897671 0.189575 0.028846 0.051282
36 0.987628 0.319134 0.028846 0.051282
36 0.976286 0.122344 0.028846 0.051282
36 0.67866 0.345371 0.028846 0.051282
36 0.661049 0.158328 0.028846 0.051282
36 0.181335 0.5396 0.028846 0.051282
36 0.590174 0.125527 0.028846 0.051282
36 0.659811 0.099601 0.028846 0.051282
36 0.284654 0.764884 0.028846 0.051282
36 0.334509 0.854244 0.028846 0.051282
36 0.371967 0.899367 0.028846 0.051282
36 0.421046 0.917041 0.028846 0.051282
36 0.285162 0.744342 0.028846 0.051282
36 0.329088 0.827117 0.028846 0.051282
36 0.620954 0.21805 0.028846 0.051282
36 0.85226 0.528566 0.028846 0.051282
36 0.866972 0.604859 0.028846 0.051282
36 0.83818 0.924954 0.028846 0.051282
36 0.699647 0.23195 0.028846 0.051282
36 0.303035 0.816257 0.028846 0.051282
36 0.233536 0.910255 0.028846 0.051282
36 0.226694 0.145492 0.028846 0.051282
36 0.150887 0.184765 0.028846 0.051282
36 0.286978 0.479018 0.028846 0.051282
36 0.162302 0.517721 0.028846 0.051282
36 0.222934 0.522053 0.028846 0.051282
36 0.243324 0.590988 0.028846 0.051282
36 0.337455 0.928078 0.028846 0.051282
36 0.549127 0.571901 0.028846 0.051282
36 0.233156 0.529641 0.028846 0.051282
36 0.597083 0.618998 0.028846 0.051282
36 0.724526 0.574823 0.028846 0.051282
36 0.623995 0.614814 0.028846 0.051282
36 0.274476 0.667691 0.028846 0.051282
36 0.578698 0.568403 0.028846 0.051282
36 0.605085 0.734078 0.028846 0.051282
36 0.760414 0.247268 0.028846 0.051282
36 0.674252 0.401434 0.028846 0.051282
36 0.823332 0.492679 0.028846 0.051282
36 0.755606 0.286802 0.028846 0.051282
36 0.631749 0.556203 0.028846 0.051282
