0 0.478177 0.49 0.078125 0.138889
16 0.424372 0.940973 0.078125 0.138889
13 0.60439 0.978177 0.0625 0.111111
14 0.91056 0.712921 0.0625 0.111111
14 0.813804 0.992529 0.0625 0.111111
14 0.685046 0.793848 0.0625 0.111111
14 0.998346 0.125562 0.0625 0.111111
14 0.319092 0.987655 0.0625 0.111111
38 0.500096 0.23394 0.052083 0.092593
36 0.972115 0.558359 0.028846 0.051282
36 0.88037 0.67351 0.028846 0.051282
36 0.9339 0.687509 0.028846 0.051282
36 0.663223 0.975032 0.028846 0.051282
36 0.693401 0.920448 0.028846 0.051282
36 0.681349 0.86261 0.028846 0.051282
36 0.551922 0.855012 0.028846 0.051282
36 0.56347 0.839592 0.028846 0.051282
36 0.510927 0.758275 0.028846 0.051282
36 0.59238 0.957879 0.028846 0.051282
36 0.83787 0.713548 0.028846 0.051282
36 0.957589 0.750647 0.028846 0.051282
36 0.880409 0.300453 0.028846 0.051282
36 0.500029 0.579318 0.028846 0.051282
36 0.442187 0.738297 0.028846 0.051282
36 0.222176 0.180965 0.028846 0.051282
36 0.600847 0.701447 0.028846 0.051282
36 0.361954 0.662928 0.028846 0.051282
36 0.672472 0.721207 0.028846 0.051282
36 0.672472 0.721207 0.028846 0.051282
