0 0.5 0.653059 0.078125 0.138889
3 0.192922 0.218258 0.052083 0.092593
14 0.49009 0.265516 0.0625 0.111111
14 0.617518 0.26645 0.0625 0.111111
14 0.194466 0.653982 0.0625 0.111111
14 0.224936 0.488413 0.0625 0.111111
18 0.690245 0.322739 0.117188 0.208333
6 0.189397 0.008289 0.117188 0.208333
25 0.105204 0.396099 0.072917 0.12963
25 0.177805 0.742564 0.072917 0.12963
25 0.645915 0.088717 0.072917 0.12963
14 0.148793 0.069827 0.0625 0.111111
14 0.227067 0.352937 0.0625 0.111111
14 0.869566 0.5769 0.0625 0.111111
14 0.837693 0.171488 0.0625 0.111111
14 0.771922 0.350039 0.0625 0.111111
14 0.891534 0.071862 0.0625 0.111111
38 0.17853 0.51162 0.052083 0.092593
37 0.413395 0.257016 0.041667 0.074074
37 0.740238 0.45615 0.041667 0.074074
36 0.823103 0.009869 0.028846 0.051282
36 0.738748 0.74406 0.028846 0.051282
36 0.718451 0.699357 0.028846 0.051282
36 0.069011 0.60099 0.028846 0.051282
36 0.172987 0.785591 0.028846 0.051282
36 0.082284 0.803142 0.028846 0.051282
36 0.287592 0.762068 0.028846 0.051282
36 0.155949 0.814511 0.028846 0.051282
36 0.701438 0.708563 0.028846 0.051282
36 0.764529 0.579868 0.028846 0.051282
36 0.745342 0.567278 0.028846 0.051282
36 0.645587 0.522904 0.028846 0.051282
36 0.401855 0.29688 0.028846 0.051282
36 0.423283 0.307587 0.028846 0.051282
36 0.440977 0.322361 0.028846 0.051282
36 0.498208 0.293403 0.028846 0.051282
36 0.409321 0.276816 0.028846 0.051282
36 0.44098 0.332734 0.028846 0.051282
36 0.200128 0.548539 0.028846 0.051282
36 0.190144 0.770544 0.028846 0.051282
36 0.560772 0.250039 0.028846 0.051282
36 0.449989 0.24171 0.028846 0.051282
36 0.600913 0.490428 0.028846 0.051282
36 0.617476 0.715417 0.028846 0.051282
