0 0.5 0.49 0.078125 0.138889
17 0.741171 0.176785 0.0625 0.111111
17 0.316093 0.16624 0.0625 0.111111
17 0.342745 0.608612 0.0625 0.111111
17 0.253102 0.082964 0.0625 0.111111
1 0.295975 0.77184 0.052083 0.092593
1 0.636765 0.076088 0.052083 0.092593
25 0.786981 0.439808 0.072917 0.12963
17 0.303372 0.426704 0.0625 0.111111
17 0.736592 0.291612 0.0625 0.111111
14 0.738718 0.685601 0.0625 0.111111
14 0.935037 0.497277 0.0625 0.111111
14 0.340282 0.416857 0.0625 0.111111
14 0.817114 0.390264 0.0625 0.111111
17 0.421706 0.226403 0.0625 0.111111
17 0.472713 0.279434 0.0625 0.111111
17 0.441529 0.198253 0.0625 0.111111
17 0.53708 0.336391 0.0625 0.111111
17 0.484368 0.209689 0.0625 0.111111
17 0.535432 0.173045 0.0625 0.111111
37 0.624249 0.094412 0.041667 0.074074
38 0.259792 0.279162 0.052083 0.092593
38 0.322477 0.468742 0.052083 0.092593
37 0.326057 0.184397 0.041667 0.074074
36 0.01921 0.569713 0.028846 0.051282
36 0.933468 0.452389 0.028846 0.051282
36 0.376201 0.001309 0.028846 0.051282
36 0.108799 0.131735 0.028846 0.051282
36 0.763993 0.771789 0.028846 0.051282
36 0.853248 0.950737 0.028846 0.051282
36 0.08422 0.485709 0.028846 0.051282
36 0.810616 0.676978 0.028846 0.051282
36 0.443632 0.108189 0.028846 0.051282
36 0.26777 0.511281 0.028846 0.051282
36 0.158551 0.62729 0.028846 0.051282
36 0.089826 0.602078 0.028846 0.051282
36 0.804614 0.685344 0.028846 0.051282
36 0.287108 0.680999 0.028846 0.051282
36 0.284961 0.632846 0.028846 0.051282
36 0.836919 0.636279 0.028846 0.051282
36 0.212766 0.776028 0.028846 0.051282
36 0.195171 0.812985 0.028846 0.051282
36 0.559389 0.121685 0.028846 0.051282
36 0.30805 0.372279 0.028846 0.051282
36 0.799296 0.700501 0.028846 0.051282
36 0.619536 0.049847 0.028846 0.051282
36 0.313461 0.628258 0.028846 0.051282
36 0.335108 0.526583 0.028846 0.051282
36 0.310004 0.683604 0.028846 0.051282
36 0.735796 0.72515 0.028846 0.051282
36 0.34031 0.604707 0.028846 0.051282
36 0.295685 0.495679 0.028846 0.051282
36 0.441957 0.723588 0.028846 0.051282
36 0.434099 0.218163 0.028846 0.051282
36 0.318853 0.40696 0.028846 0.051282
36 0.536673 0.722496 0.028846 0.051282
36 0.373307 0.56455 0.028846 0.051282
36 0.39736 0.408019 0.028846 0.051282
