0 0.5 0.458832 0.078125 0.138889
16 0.257348 0.905405 0.078125 0.138889
17 0.720473 0.855028 0.0625 0.111111
1 0.306701 0.62715 0.052083 0.092593
17 0.75847 0.96087 0.0625 0.111111
17 0.298661 0.888008 0.0625 0.111111
1 0.919645 0.880505 0.052083 0.092593
1 0.941948 0.967027 0.052083 0.092593
1 0.923216 0.839151 0.052083 0.092593
1 0.293625 0.431512 0.052083 0.092593
38 0.494438 0.5154 0.052083 0.092593
37 0.312504 0.611879 0.041667 0.074074
38 0.37334 0.773711 0.052083 0.092593
37 0.636142 0.654349 0.041667 0.074074
37 0.645447 0.677057 0.041667 0.074074
36 0.216518 0.462425 0.028846 0.051282
36 0.314182 0.627585 0.028846 0.051282
36 0.250148 0.540685 0.028846 0.051282
36 0.410291 0.506813 0.028846 0.051282
36 0.174578 0.519443 0.028846 0.051282
36 0.454799 0.459748 0.028846 0.051282
36 0.497895 0.374883 0.028846 0.051282
36 0.209656 0.730616 0.028846 0.051282
36 0.283707 0.272745 0.028846 0.051282
36 0.29891 0.409513 0.028846 0.051282
36 0.104325 0.975565 0.028846 0.051282
36 0.221663 0.605 0.028846 0.051282
36 0.219661 0.559385 0.028846 0.051282
36 0.244412 0.606132 0.028846 0.051282
36 0.494939 0.526448 0.028846 0.051282
36 0.370073 0.641653 0.028846 0.051282
36 0.77833 0.836009 0.028846 0.051282
36 0.808944 0.963471 0.028846 0.051282
36 0.668294 0.666532 0.028846 0.051282
36 0.534433 0.946063 0.028846 0.051282
36 0.532472 0.273007 0.028846 0.051282
36 0.936707 0.332647 0.028846 0.051282
36 0.963385 0.273319 0.028846 0.051282
36 0.589176 0.966061 0.028846 0.051282
36 0.633713 0.886675 0.028846 0.051282
36 0.585392 0.858998 0.028846 0.051282
36 0.503812 0.8747 0.028846 0.051282
