0 0.571709 0.49 0.078125 0.138889
14 0.225391 0.737941 0.0625 0.111111
14 0.151387 0.836204 0.0625 0.111111
14 0.271569 0.295035 0.0625 0.111111
14 0.183084 0.122871 0.0625 0.111111
17 0.61196 0.285049 0.0625 0.111111
17 0.644652 0.165547 0.0625 0.111111
13 0.481265 0.117817 0.0625 0.111111
36 0.805448 0.547692 0.028846 0.051282
36 0.472258 0.117031 0.028846 0.051282
36 0.713704 0.662842 0.028846 0.051282
36 0.767233 0.676842 0.028846 0.051282
36 0.280349 0.415232 0.028846 0.051282
36 0.496556 0.964365 0.028846 0.051282
36 0.526734 0.909781 0.028846 0.051282
36 0.300355 0.377352 0.028846 0.051282
36 0.313667 0.414073 0.028846 0.051282
36 0.293385 0.372223 0.028846 0.051282
36 0.320264 0.33452 0.028846 0.051282
36 0.514683 0.851942 0.028846 0.051282
36 0.385255 0.844345 0.028846 0.051282
36 0.396803 0.828924 0.028846 0.051282
36 0.34426 0.747608 0.028846 0.051282
36 0.425713 0.947212 0.028846 0.051282
36 0.664483 0.222845 0.028846 0.051282
36 0.671204 0.702881 0.028846 0.051282
36 0.790922 0.73998 0.028846 0.051282
36 0.836902 0.873959 0.028846 0.051282
36 0.694623 0.302359 0.028846 0.051282
