0 0.548276 0.49 0.078125 0.138889
17 0.305656 0.414481 0.0625 0.111111
17 0.047401 0.87288 0.0625 0.111111
14 0.3814 0.957919 0.0625 0.111111
14 0.096483 0.227526 0.0625 0.111111
1 0.089505 0.185695 0.052083 0.092593
1 0.01309 0.621958 0.052083 0.092593
1 0.027279 0.855683 0.052083 0.092593
14 0.161421 0.376934 0.0625 0.111111
1 0.001034 0.699797 0.052083 0.092593
1 0.858822 0.278565 0.052083 0.092593
16 0.89582 0.825756 0.078125 0.138889
38 0.33343 0.376905 0.052083 0.092593
38 0.466346 0.993884 0.052083 0.092593
37 0.151496 0.473384 0.041667 0.074074
37 0.213987 0.883764 0.041667 0.074074
36 0.805448 0.701324 0.028846 0.051282
36 0.713742 0.443417 0.028846 0.051282
36 0.05551 0.32393 0.028846 0.051282
36 0.153173 0.489089 0.028846 0.051282
36 0.739608 0.565271 0.028846 0.051282
36 0.760349 0.71669 0.028846 0.051282
36 0.670315 0.558832 0.028846 0.051282
36 0.733382 0.515753 0.028846 0.051282
36 0.694052 0.542556 0.028846 0.051282
36 0.654665 0.372422 0.028846 0.051282
36 0.883609 0.820332 0.028846 0.051282
36 0.849307 0.511384 0.028846 0.051282
36 0.560021 0.951256 0.028846 0.051282
36 0.737111 0.80794 0.028846 0.051282
36 0.08914 0.402189 0.028846 0.051282
36 0.564995 0.999041 0.028846 0.051282
36 0.249283 0.368318 0.028846 0.051282
36 0.01357 0.380948 0.028846 0.051282
36 0.270412 0.318327 0.028846 0.051282
36 0.326652 0.17907 0.028846 0.051282
36 0.048647 0.59212 0.028846 0.051282
36 0.122699 0.13425 0.028846 0.051282
36 0.137902 0.271018 0.028846 0.051282
36 0.340442 0.222933 0.028846 0.051282
36 0.367694 0.219003 0.028846 0.051282
36 0.50001 0.454265 0.028846 0.051282
36 0.538082 0.2512 0.028846 0.051282
36 0.644268 0.20954 0.028846 0.051282
36 0.655642 0.575201 0.028846 0.051282
36 0.654717 0.505983 0.028846 0.051282
36 0.060655 0.466504 0.028846 0.051282
36 0.058652 0.42089 0.028846 0.051282
36 0.083404 0.467637 0.028846 0.051282
36 0.505619 0.406772 0.028846 0.051282
36 0.41271 0.891775 0.028846 0.051282
36 0.586777 0.9281 0.028846 0.051282
36 0.593193 0.278257 0.028846 0.051282
36 0.615644 0.39921 0.028846 0.051282
36 0.636417 0.877129 0.028846 0.051282
36 0.504224 0.220171 0.028846 0.051282
