0 0.474055 0.49 0.078125 0.138889
25 0.447309 0.187912 0.072917 0.12963
1 0.713862 0.41363 0.052083 0.092593
1 0.469549 0.083487 0.052083 0.092593
15 0.1961 0.057481 0.078125 0.138889
23 0.227493 0.013858 0.052083 0.092593
14 0.3103 0.443319 0.0625 0.111111
14 0.643249 0.300565 0.0625 0.111111
17 0.639359 0.154491 0.0625 0.111111
17 0.497479 0.172769 0.0625 0.111111
17 0.487331 0.085504 0.0625 0.111111
17 0.637306 0.077818 0.0625 0.111111
17 0.611108 0.018248 0.0625 0.111111
17 0.585461 0.005728 0.0625 0.111111
38 0.288127 0.134566 0.052083 0.092593
38 0.350812 0.324146 0.052083 0.092593
36 0.924288 0.205334 0.028846 0.051282
36 0.047545 0.425118 0.028846 0.051282
36 0.10845 0.865166 0.028846 0.051282
36 0.564166 0.130235 0.028846 0.051282
36 0.208442 0.231767 0.028846 0.051282
36 0.485344 0.188446 0.028846 0.051282
36 0.961803 0.307793 0.028846 0.051282
36 0.538353 0.095255 0.028846 0.051282
36 0.496487 0.051139 0.028846 0.051282
36 0.436183 0.202708 0.028846 0.051282
36 0.292149 0.068328 0.028846 0.051282
36 0.467802 0.224715 0.028846 0.051282
36 0.40495 0.180443 0.028846 0.051282
36 0.748746 0.228656 0.028846 0.051282
36 0.792328 0.627194 0.028846 0.051282
36 0.321906 0.162968 0.028846 0.051282
36 0.336608 0.233244 0.028846 0.051282
36 0.345489 0.325216 0.028846 0.051282
36 0.427143 0.10762 0.028846 0.051282
36 0.608372 0.089273 0.028846 0.051282
36 0.534415 0.079843 0.028846 0.051282
36 0.5592 0.034734 0.028846 0.051282
36 0.881583 0.806141 0.028846 0.051282
36 0.514359 0.203761 0.028846 0.051282
36 0.516272 0.141409 0.028846 0.051282
36 0.533428 0.161168 0.028846 0.051282
36 0.485177 0.415824 0.028846 0.051282
36 0.239123 0.124953 0.028846 0.051282
36 0.544699 0.172733 0.028846 0.051282
36 0.203458 0.280123 0.028846 0.051282
36 0.537733 0.16642 0.028846 0.051282
36 0.265506 0.059564 0.028846 0.051282
36 0.549468 0.020357 0.028846 0.051282
