0 0.439315 0.49 0.078125 0.138889
13 0.261633 0.549353 0.0625 0.111111
1 0.711185 0.246694 0.052083 0.092593
1 0.822854 0.595244 0.052083 0.092593
17 0.680652 0.865089 0.0625 0.111111
17 0.79207 0.426928 0.0625 0.111111
17 0.664107 0.873772 0.0625 0.111111
17 0.760551 0.815868 0.0625 0.111111
1 0.759328 0.030023 0.052083 0.092593
1 0.989369 0.916619 0.052083 0.092593
1 0.995492 0.975014 0.052083 0.092593
1 0.379081 0.997742 0.052083 0.092593
1 0.987172 0.072071 0.052083 0.092593
1 0.168716 0.632312 0.052083 0.092593
1 0.147712 0.344404 0.052083 0.092593
14 0.997167 0.997244 0.0625 0.111111
14 0.984527 0.453129 0.0625 0.111111
14 0.323816 0.925785 0.0625 0.111111
14 0.890065 0.765501 0.0625 0.111111
14 0.912304 0.820006 0.0625 0.111111
38 0.500096 0.137696 0.052083 0.092593
37 0.318163 0.234175 0.041667 0.074074
37 0.380653 0.644555 0.041667 0.074074
38 0.553179 0.90618 0.052083 0.092593
37 0.160537 0.979818 0.041667 0.074074
36 0.880409 0.204208 0.028846 0.051282
36 0.222176 0.084721 0.028846 0.051282
36 0.350477 0.857394 0.028846 0.051282
36 0.260902 0.993264 0.028846 0.051282
36 0.152454 0.832846 0.028846 0.051282
36 0.31984 0.24988 0.028846 0.051282
36 0.906275 0.326062 0.028846 0.051282
36 0.900049 0.276544 0.028846 0.051282
36 0.821332 0.133213 0.028846 0.051282
36 0.255806 0.16298 0.028846 0.051282
36 0.415949 0.129109 0.028846 0.051282
36 0.180236 0.141739 0.028846 0.051282
36 0.437079 0.079118 0.028846 0.051282
36 0.215314 0.352911 0.028846 0.051282
36 0.304569 0.031809 0.028846 0.051282
36 0.109984 0.59786 0.028846 0.051282
36 0.704749 0.011991 0.028846 0.051282
36 0.227321 0.227295 0.028846 0.051282
36 0.225319 0.181681 0.028846 0.051282
36 0.250071 0.228428 0.028846 0.051282
36 0.75986 0.039048 0.028846 0.051282
36 0.480931 0.209047 0.028846 0.051282
36 0.749318 0.124698 0.028846 0.051282
36 0.8366 0.193702 0.028846 0.051282
36 0.800871 0.183203 0.028846 0.051282
36 0.793231 0.121192 0.028846 0.051282
36 0.776287 0.095752 0.028846 0.051282
36 0.939881 0.640144 0.028846 0.051282
36 0.948034 0.648613 0.028846 0.051282
36 0.71986 0.224107 0.028846 0.051282
36 0.474901 0.942046 0.028846 0.051282
36 0.390336 0.938287 0.028846 0.051282
36 0.332082 0.777591 0.028846 0.051282
36 0.677676 0.511929 0.028846 0.051282
36 0.768154 0.647613 0.028846 0.051282
36 0.800176 0.625107 0.028846 0.051282
36 0.796645 0.626235 0.028846 0.051282
36 0.375732 0.263948 0.028846 0.051282
36 0.739548 0.355756 0.028846 0.051282
