0 0.488636 0.649586 0.078125 0.138889
17 0.920622 0.174873 0.0625 0.111111
17 0.911882 0.150016 0.0625 0.111111
14 0.822661 0.228346 0.0625 0.111111
1 0.879726 0.319908 0.052083 0.092593
1 0.447668 0.038868 0.052083 0.092593
37 0.28771 0.430453 0.041667 0.074074
36 0.4859 0.352045 0.028846 0.051282
36 0.424314 0.273568 0.028846 0.051282
36 0.289658 0.45105 0.028846 0.051282
36 0.389438 0.058739 0.028846 0.051282
36 0.232774 0.233467 0.028846 0.051282
36 0.323381 0.240277 0.028846 0.051282
36 0.543075 0.233331 0.028846 0.051282
36 0.684527 0.252049 0.028846 0.051282
36 0.519519 0.405355 0.028846 0.051282
36 0.637076 0.331272 0.028846 0.051282
36 0.389861 0.465187 0.028846 0.051282
36 0.310527 0.469764 0.028846 0.051282
36 0.282129 0.619333 0.028846 0.051282
36 0.653962 0.075314 0.028846 0.051282
36 0.247598 0.68685 0.028846 0.051282
