0 0.464378 0.449746 0.078125 0.138889
14 0.463361 0.784083 0.0625 0.111111
3 0.643134 0.684274 0.052083 0.092593
14 0.6379 0.748989 0.0625 0.111111
14 0.675508 0.617881 0.0625 0.111111
14 0.470974 0.954448 0.0625 0.111111
14 0.725482 0.458389 0.0625 0.111111
14 0.438669 0.779334 0.0625 0.111111
14 0.55405 0.772836 0.0625 0.111111
14 0.761421 0.862991 0.0625 0.111111
6 0.916585 0.796997 0.117188 0.208333
6 0.90649 0.718057 0.117188 0.208333
25 0.778892 0.575395 0.072917 0.12963
25 0.787775 0.998733 0.072917 0.12963
8 0.722891 0.443632 0.055804 0.099206
8 0.73268 0.607145 0.055804 0.099206
8 0.735692 0.582983 0.055804 0.099206
8 0.68832 0.628737 0.055804 0.099206
8 0.721792 0.531018 0.055804 0.099206
8 0.762031 0.50457 0.055804 0.099206
1 0.174658 0.267401 0.052083 0.092593
1 0.117708 0.751229 0.052083 0.092593
1 0.678267 0.261074 0.052083 0.092593
37 0.655378 0.482227 0.041667 0.074074
37 0.184089 0.481082 0.041667 0.074074
37 0.57792 0.945905 0.041667 0.074074
37 0.628095 0.564286 0.041667 0.074074
37 0.435942 0.921252 0.041667 0.074074
36 0.806138 0.400408 0.028846 0.051282
36 0.897671 0.569199 0.028846 0.051282
36 0.987628 0.698758 0.028846 0.051282
36 0.863376 0.290772 0.028846 0.051282
36 0.976286 0.501968 0.028846 0.051282
36 0.661049 0.537952 0.028846 0.051282
36 0.659811 0.479225 0.028846 0.051282
36 0.150887 0.564389 0.028846 0.051282
36 0.169675 0.450271 0.028846 0.051282
36 0.163289 0.671554 0.028846 0.051282
36 0.56638 0.985769 0.028846 0.051282
36 0.827484 0.50056 0.028846 0.051282
36 0.992537 0.449062 0.028846 0.051282
36 0.680555 0.480663 0.028846 0.051282
36 0.646803 0.396603 0.028846 0.051282
36 0.648204 0.353702 0.028846 0.051282
36 0.92365 0.644508 0.028846 0.051282
36 0.911036 0.65022 0.028846 0.051282
36 0.924653 0.654973 0.028846 0.051282
36 0.587808 0.996476 0.028846 0.051282
36 0.627109 0.608277 0.028846 0.051282
36 0.629523 0.587244 0.028846 0.051282
36 0.613917 0.614381 0.028846 0.051282
36 0.623883 0.64571 0.028846 0.051282
36 0.176617 0.468798 0.028846 0.051282
36 0.612185 0.657203 0.028846 0.051282
36 0.575312 0.542157 0.028846 0.051282
36 0.568454 0.522171 0.028846 0.051282
36 0.570905 0.533542 0.028846 0.051282
36 0.662733 0.982292 0.028846 0.051282
36 0.396173 0.968868 0.028846 0.051282
36 0.407551 0.943975 0.028846 0.051282
36 0.382941 0.920421 0.028846 0.051282
