0 0.387988 0.49 0.078125 0.138889
12 0.746465 0.527447 0.052083 0.092593
5 0.646395 0.615107 0.0625 0.111111
1 0.909438 0.717291 0.052083 0.092593
1 0.925161 0.558319 0.052083 0.092593
2 0.914056 0.590348 0.052083 0.092593
2 0.174753 0.787116 0.052083 0.092593
2 0.957991 0.901011 0.052083 0.092593
2 0.969435 0.267708 0.052083 0.092593
2 0.47452 0.174742 0.052083 0.092593
2 0.139351 0.474659 0.052083 0.092593
2 0.114816 0.223852 0.052083 0.092593
2 0.493865 0.120046 0.052083 0.092593
36 0.081378 0.928433 0.028846 0.051282
36 0.449383 0.253202 0.028846 0.051282
36 0.445879 0.279473 0.028846 0.051282
36 0.174099 0.158139 0.028846 0.051282
36 0.121796 0.059526 0.028846 0.051282
36 0.458261 0.338971 0.028846 0.051282
36 0.589497 0.393516 0.028846 0.051282
36 0.305193 0.7903 0.028846 0.051282
36 0.38017 0.982939 0.028846 0.051282
36 0.5473 0.299028 0.028846 0.051282
36 0.408569 0.925579 0.028846 0.051282
36 0.47778 0.843369 0.028846 0.051282
36 0.272808 0.085843 0.028846 0.051282
36 0.649608 0.080627 0.028846 0.051282
36 0.290072 0.16407 0.028846 0.051282
36 0.525171 0.278707 0.028846 0.051282
36 0.641002 0.199297 0.028846 0.051282
36 0.265008 0.708041 0.028846 0.051282
36 0.2709 0.715004 0.028846 0.051282
36 0.254705 0.68371 0.028846 0.051282
36 0.377539 0.587899 0.028846 0.051282
36 0.465656 0.622525 0.028846 0.051282
36 0.202545 0.776446 0.028846 0.051282
36 0.416829 0.178047 0.028846 0.051282
36 0.492251 0.606588 0.028846 0.051282
36 0.127451 0.208822 0.028846 0.051282
36 0.524863 0.565496 0.028846 0.051282
36 0.492762 0.701461 0.028846 0.051282
36 0.314357 0.764013 0.028846 0.051282
36 0.121282 0.579251 0.028846 0.051282
36 0.145158 0.754675 0.028846 0.051282
36 0.119512 0.312535 0.028846 0.051282
36 0.50493 0.339304 0.028846 0.051282
