0 0.202945 0.49 0.078125 0.138889
2 0.33445 0.891702 0.052083 0.092593
2 0.568284 0.511211 0.052083 0.092593
2 0.561263 0.769087 0.052083 0.092593
1 0.566898 0.404989 0.052083 0.092593
1 0.487844 0.385821 0.052083 0.092593
2 0.766982 0.8394 0.052083 0.092593
2 0.938507 0.4208 0.052083 0.092593
2 0.99896 0.763717 0.052083 0.092593
2 0.845997 0.213695 0.052083 0.092593
36 0.449383 0.361363 0.028846 0.051282
36 0.239332 0.467732 0.028846 0.051282
36 0.445879 0.387634 0.028846 0.051282
36 0.174099 0.2663 0.028846 0.051282
36 0.121632 0.183139 0.028846 0.051282
36 0.444245 0.44638 0.028846 0.051282
