0 0.5 0.49 0.078125 0.138889
1 0.229602 0.511409 0.052083 0.092593
25 0.447451 0.679217 0.072917 0.12963
3 0.254918 0.014401 0.052083 0.092593
14 0.733611 0.164162 0.0625 0.111111
14 0.266846 0.674292 0.0625 0.111111
14 0.886438 0.067486 0.0625 0.111111
14 0.20988 0.636036 0.0625 0.111111
14 0.124627 0.900849 0.0625 0.111111
37 0.567657 0.052348 0.041667 0.074074
38 0.2032 0.237098 0.052083 0.092593
36 0.839361 0.307866 0.028846 0.051282
36 0.339281 0.117952 0.028846 0.051282
36 0.355023 0.131649 0.028846 0.051282
36 0.400369 0.11569 0.028846 0.051282
36 0.363146 0.064859 0.028846 0.051282
36 0.357172 0.111709 0.028846 0.051282
36 0.438807 0.136972 0.028846 0.051282
36 0.469777 0.260197 0.028846 0.051282
36 0.332062 0.635791 0.028846 0.051282
36 0.333219 0.466168 0.028846 0.051282
36 0.199444 0.452176 0.028846 0.051282
36 0.113011 0.544968 0.028846 0.051282
36 0.615945 0.043165 0.028846 0.051282
36 0.58275 0.059857 0.028846 0.051282
36 0.541649 0.028891 0.028846 0.051282
36 0.253231 0.259066 0.028846 0.051282
36 0.228159 0.258726 0.028846 0.051282
36 0.224731 0.425146 0.028846 0.051282
36 0.298957 0.636257 0.028846 0.051282
36 0.351995 0.38109 0.028846 0.051282
36 0.232327 0.398578 0.028846 0.051282
36 0.254224 0.344012 0.028846 0.051282
36 0.357061 0.408334 0.028846 0.051282
