0 0.494772 0.49 0.078125 0.138889
17 0.639429 0.217944 0.0625 0.111111
1 0.83282 0.19989 0.052083 0.092593
1 0.336693 0.021228 0.052083 0.092593
1 0.826841 0.700053 0.052083 0.092593
14 0.74034 0.173287 0.0625 0.111111
38 0.633013 0.571694 0.052083 0.092593
37 0.318163 0.051193 0.041667 0.074074
36 0.972115 0.279133 0.028846 0.051282
36 0.880409 0.021227 0.028846 0.051282
36 0.361954 0.383702 0.028846 0.051282
36 0.350477 0.674412 0.028846 0.051282
36 0.260902 0.810283 0.028846 0.051282
36 0.152454 0.649865 0.028846 0.051282
36 0.31984 0.066899 0.028846 0.051282
36 0.906275 0.143081 0.028846 0.051282
36 0.927015 0.294499 0.028846 0.051282
36 0.836982 0.136641 0.028846 0.051282
36 0.900049 0.093562 0.028846 0.051282
36 0.860718 0.120366 0.028846 0.051282
36 0.702522 0.640009 0.028846 0.051282
36 0.341977 0.310381 0.028846 0.051282
36 0.726687 0.529065 0.028846 0.051282
36 0.903777 0.38575 0.028846 0.051282
36 0.420026 0.185594 0.028846 0.051282
36 0.391396 0.232585 0.028846 0.051282
36 0.343926 0.395059 0.028846 0.051282
36 0.301014 0.376902 0.028846 0.051282
36 0.645024 0.228407 0.028846 0.051282
36 0.606287 0.296028 0.028846 0.051282
36 0.650752 0.508058 0.028846 0.051282
36 0.420115 0.483166 0.028846 0.051282
36 0.731661 0.57685 0.028846 0.051282
36 0.515959 0.309929 0.028846 0.051282
36 0.472281 0.016777 0.028846 0.051282
