0 0.5 0.49 0.078125 0.138889
1 0.791533 0.290425 0.052083 0.092593
1 0.821967 0.288841 0.052083 0.092593
1 0.789837 0.248998 0.052083 0.092593
1 0.783524 0.343509 0.052083 0.092593
17 0.779954 0.506626 0.0625 0.111111
23 0.702815 0.200208 0.052083 0.092593
14 0.742627 0.592189 0.0625 0.111111
17 0.895637 0.448149 0.0625 0.111111
14 0.916377 0.230927 0.0625 0.111111
14 0.831339 0.177272 0.0625 0.111111
14 0.096875 0.47813 0.0625 0.111111
2 0.036049 0.488205 0.052083 0.092593
2 0.98716 0.286116 0.052083 0.092593
35 0.005891 0.054791 0.083705 0.14881
37 0.210753 0.801007 0.041667 0.074074
37 0.256289 0.134034 0.041667 0.074074
37 0.130278 0.018541 0.041667 0.074074
37 0.285571 0.651487 0.041667 0.074074
37 0.718043 0.545876 0.041667 0.074074
37 0.779098 0.220406 0.041667 0.074074
37 0.327384 0.399585 0.041667 0.074074
37 0.702026 0.420148 0.041667 0.074074
37 0.347844 0.451655 0.041667 0.074074
37 0.117399 0.062648 0.041667 0.074074
36 0.615549 0.02554 0.028846 0.051282
36 0.239614 0.192706 0.028846 0.051282
36 0.77261 0.32579 0.028846 0.051282
36 0.843533 0.164631 0.028846 0.051282
36 0.245921 0.124515 0.028846 0.051282
36 0.312481 0.429293 0.028846 0.051282
36 0.701789 0.232372 0.028846 0.051282
36 0.155817 0.604021 0.028846 0.051282
36 0.69249 0.105622 0.028846 0.051282
36 0.770193 0.164372 0.028846 0.051282
36 0.665307 0.15647 0.028846 0.051282
36 0.591406 0.112581 0.028846 0.051282
36 0.630228 0.269486 0.028846 0.051282
36 0.723509 0.298738 0.028846 0.051282
36 0.721906 0.260961 0.028846 0.051282
36 0.709525 0.341669 0.028846 0.051282
36 0.742027 0.114843 0.028846 0.051282
36 0.858251 0.24367 0.028846 0.051282
36 0.623603 0.206007 0.028846 0.051282
36 0.724397 0.325065 0.028846 0.051282
36 0.690065 0.281756 0.028846 0.051282
36 0.791073 0.245866 0.028846 0.051282
36 0.688656 0.240921 0.028846 0.051282
36 0.69716 0.201881 0.028846 0.051282
36 0.246424 0.610831 0.028846 0.051282
36 0.624921 0.305861 0.028846 0.051282
36 0.636381 0.261137 0.028846 0.051282
36 0.358738 0.21228 0.028846 0.051282
36 0.203144 0.506204 0.028846 0.051282
36 0.7487 0.668298 0.028846 0.051282
36 0.216068 0.455684 0.028846 0.051282
36 0.444788 0.73341 0.028846 0.051282
36 0.694753 0.674794 0.028846 0.051282
36 0.651773 0.487285 0.028846 0.051282
36 0.612472 0.442449 0.028846 0.051282
36 0.792625 0.569037 0.028846 0.051282
36 0.281328 0.580881 0.028846 0.051282
36 0.287826 0.199444 0.028846 0.051282
36 0.333536 0.44893 0.028846 0.051282
36 0.443505 0.260906 0.028846 0.051282
36 0.95584 0.184957 0.028846 0.051282
36 0.326907 0.678242 0.028846 0.051282
36 0.313785 0.525249 0.028846 0.051282
36 0.230749 0.272172 0.028846 0.051282
36 0.682343 0.167926 0.028846 0.051282
