0 0.5 0.49 0.078125 0.138889
6 0.149771 0.648898 0.117188 0.208333
6 0.335939 0.68858 0.117188 0.208333
6 0.050021 0.816617 0.117188 0.208333
6 0.338517 0.470242 0.117188 0.208333
6 0.66786 0.100117 0.117188 0.208333
1 0.305626 0.453265 0.052083 0.092593
1 0.28587 0.532617 0.052083 0.092593
6 0.522463 0.583605 0.117188 0.208333
4 0.348646 0.563395 0.052083 0.092593
4 0.292913 0.375237 0.052083 0.092593
1 0.336268 0.519335 0.052083 0.092593
1 0.320508 0.486797 0.052083 0.092593
1 0.270528 0.412455 0.052083 0.092593
1 0.277216 0.456904 0.052083 0.092593
2 0.269774 0.554601 0.052083 0.092593
1 0.254695 0.382543 0.052083 0.092593
1 0.270286 0.494639 0.052083 0.092593
1 0.30966 0.534181 0.052083 0.092593
1 0.254948 0.449016 0.052083 0.092593
1 0.297004 0.496036 0.052083 0.092593
4 0.229327 0.538611 0.052083 0.092593
4 0.244777 0.501122 0.052083 0.092593
6 0.110882 0.207842 0.117188 0.208333
6 0.289787 0.425697 0.117188 0.208333
6 0.52173 0.236718 0.117188 0.208333
6 0.448358 0.450796 0.117188 0.208333
4 0.270117 0.347285 0.052083 0.092593
4 0.374709 0.547305 0.052083 0.092593
4 0.430532 0.636734 0.052083 0.092593
1 0.463034 0.722961 0.052083 0.092593
1 0.567373 0.273723 0.052083 0.092593
1 0.576419 0.22286 0.052083 0.092593
4 0.31653 0.661455 0.052083 0.092593
4 0.364185 0.71078 0.052083 0.092593
1 0.315212 0.705165 0.052083 0.092593
1 0.617657 0.273113 0.052083 0.092593
1 0.636193 0.875442 0.052083 0.092593
1 0.24724 0.322599 0.052083 0.092593
4 0.284635 0.79507 0.052083 0.092593
2 0.249601 0.552331 0.052083 0.092593
2 0.325799 0.555349 0.052083 0.092593
1 0.206591 0.819325 0.052083 0.092593
1 0.361364 0.752162 0.052083 0.092593
1 0.690772 0.689763 0.052083 0.092593
1 0.215383 0.635314 0.052083 0.092593
1 0.338848 0.199755 0.052083 0.092593
1 0.191735 0.122024 0.052083 0.092593
4 0.169606 0.671301 0.052083 0.092593
4 0.326234 0.743981 0.052083 0.092593
4 0.333064 0.599303 0.052083 0.092593
4 0.368272 0.587616 0.052083 0.092593
4 0.353446 0.626891 0.052083 0.092593
2 0.359306 0.300529 0.052083 0.092593
2 0.33716 0.297129 0.052083 0.092593
2 0.349282 0.330975 0.052083 0.092593
2 0.371001 0.342799 0.052083 0.092593
2 0.392301 0.334791 0.052083 0.092593
2 0.361248 0.233109 0.052083 0.092593
2 0.381329 0.299125 0.052083 0.092593
6 0.180992 0.817741 0.117188 0.208333
6 0.371395 0.263642 0.117188 0.208333
1 0.058144 0.09684 0.052083 0.092593
1 0.060615 0.013982 0.052083 0.092593
1 0.888704 0.81884 0.052083 0.092593
4 0.308792 0.583538 0.052083 0.092593
4 0.691761 0.8719 0.052083 0.092593
4 0.230325 0.457467 0.052083 0.092593
4 0.28366 0.589843 0.052083 0.092593
4 0.300323 0.62788 0.052083 0.092593
4 0.271411 0.749901 0.052083 0.092593
2 0.692841 0.216278 0.052083 0.092593
2 0.778445 0.266573 0.052083 0.092593
2 0.791564 0.116867 0.052083 0.092593
2 0.776416 0.147474 0.052083 0.092593
2 0.770838 0.185554 0.052083 0.092593
2 0.792305 0.209738 0.052083 0.092593
2 0.794629 0.171727 0.052083 0.092593
35 0.4898 0.051632 0.083705 0.14881
37 0.508091 0.225175 0.041667 0.074074
37 0.523997 0.649309 0.041667 0.074074
37 0.320538 0.092342 0.041667 0.074074
37 0.027906 0.517692 0.041667 0.074074
37 0.275754 0.256476 0.041667 0.074074
37 0.177337 0.298887 0.041667 0.074074
37 0.20261 0.892255 0.041667 0.074074
37 0.62637 0.128234 0.041667 0.074074
37 0.675221 0.083971 0.041667 0.074074
37 0.184893 0.573904 0.041667 0.074074
36 0.643951 0.54997 0.028846 0.051282
36 0.623424 0.414525 0.028846 0.051282
36 0.47381 0.265143 0.028846 0.051282
36 0.519303 0.246113 0.028846 0.051282
36 0.407224 0.294289 0.028846 0.051282
36 0.262245 0.144272 0.028846 0.051282
36 0.379614 0.259378 0.028846 0.051282
36 0.344919 0.286243 0.028846 0.051282
36 0.369843 0.264306 0.028846 0.051282
36 0.334796 0.343385 0.028846 0.051282
36 0.277884 0.390109 0.028846 0.051282
36 0.252472 0.292246 0.028846 0.051282
36 0.07754 0.470788 0.028846 0.051282
36 0.356809 0.079572 0.028846 0.051282
36 0.394922 0.087187 0.028846 0.051282
36 0.387925 0.16031 0.028846 0.051282
36 0.269152 0.28697 0.028846 0.051282
36 0.233557 0.256731 0.028846 0.051282
36 0.06962 0.471557 0.028846 0.051282
36 0.136659 0.38204 0.028846 0.051282
36 0.105466 0.363184 0.028846 0.051282
36 0.105201 0.407702 0.028846 0.051282
36 0.086671 0.342723 0.028846 0.051282
36 0.098667 0.343548 0.028846 0.051282
36 0.127807 0.332591 0.028846 0.051282
36 0.066127 0.209613 0.028846 0.051282
36 0.133457 0.4226 0.028846 0.051282
36 0.104739 0.437366 0.028846 0.051282
36 0.206494 0.493908 0.028846 0.051282
36 0.21112 0.4975 0.028846 0.051282
36 0.457092 0.53043 0.028846 0.051282
36 0.434318 0.407516 0.028846 0.051282
36 0.439677 0.565383 0.028846 0.051282
36 0.403065 0.298656 0.028846 0.051282
36 0.366444 0.315019 0.028846 0.051282
36 0.366827 0.40233 0.028846 0.051282
