0 0.259703 0.49 0.078125 0.138889
17 0.917177 0.022072 0.0625 0.111111
17 0.751232 0.464071 0.0625 0.111111
17 0.909067 0.252464 0.0625 0.111111
17 0.08621 0.460623 0.0625 0.111111
14 0.746102 0.502439 0.0625 0.111111
17 0.88099 0.709047 0.0625 0.111111
17 0.749911 0.124962 0.0625 0.111111
1 0.798831 0.88416 0.052083 0.092593
1 0.871109 0.407824 0.052083 0.092593
1 0.729543 0.872229 0.052083 0.092593
1 0.478643 0.215268 0.052083 0.092593
35 0.999519 0.02715 0.083705 0.14881
37 0.652584 0.109714 0.041667 0.074074
38 0.288127 0.294463 0.052083 0.092593
37 0.714674 0.009961 0.041667 0.074074
37 0.4005 0.002218 0.041667 0.074074
38 0.350812 0.484043 0.052083 0.092593
36 0.924288 0.365232 0.028846 0.051282
36 0.667677 0.117222 0.028846 0.051282
36 0.654826 0.113757 0.028846 0.051282
36 0.047545 0.585015 0.028846 0.051282
36 0.307278 0.008913 0.028846 0.051282
36 0.66871 0.083246 0.028846 0.051282
36 0.564166 0.290132 0.028846 0.051282
36 0.235955 0.455423 0.028846 0.051282
36 0.485344 0.348343 0.028846 0.051282
36 0.961803 0.46769 0.028846 0.051282
36 0.538353 0.255153 0.028846 0.051282
36 0.496487 0.211036 0.028846 0.051282
36 0.436183 0.362606 0.028846 0.051282
36 0.292149 0.228225 0.028846 0.051282
36 0.404536 0.016611 0.028846 0.051282
36 0.467802 0.384612 0.028846 0.051282
36 0.137134 0.147036 0.028846 0.051282
36 0.40495 0.34034 0.028846 0.051282
36 0.397997 0.107836 0.028846 0.051282
36 0.748746 0.388553 0.028846 0.051282
36 0.792328 0.787091 0.028846 0.051282
36 0.394814 0.003238 0.028846 0.051282
36 0.292149 0.065298 0.028846 0.051282
36 0.321906 0.322865 0.028846 0.051282
36 0.96472 0.131205 0.028846 0.051282
36 0.292243 0.471031 0.028846 0.051282
36 0.427143 0.267517 0.028846 0.051282
36 0.608372 0.24917 0.028846 0.051282
36 0.534415 0.239741 0.028846 0.051282
36 0.5592 0.194631 0.028846 0.051282
36 0.881583 0.966038 0.028846 0.051282
36 0.514359 0.363658 0.028846 0.051282
36 0.516272 0.301306 0.028846 0.051282
36 0.533428 0.321065 0.028846 0.051282
36 0.239123 0.28485 0.028846 0.051282
36 0.544699 0.332631 0.028846 0.051282
36 0.537733 0.326318 0.028846 0.051282
36 0.265506 0.219461 0.028846 0.051282
36 0.548594 0.141473 0.028846 0.051282
36 0.580188 0.14908 0.028846 0.051282
36 0.501435 0.295925 0.028846 0.051282
36 0.466279 0.285839 0.028846 0.051282
36 0.490639 0.268413 0.028846 0.051282
36 0.500568 0.379838 0.028846 0.051282
