0 0.510881 0.879912 0.078125 0.138889
6 0.343478 0.352719 0.117188 0.208333
6 0.260182 0.840242 0.117188 0.208333
6 0.47117 0.194536 0.117188 0.208333
1 0.305659 0.487731 0.052083 0.092593
6 0.779048 0.476647 0.117188 0.208333
6 0.188499 0.045409 0.117188 0.208333
1 0.291368 0.522072 0.052083 0.092593
1 0.297641 0.637348 0.052083 0.092593
1 0.261595 0.563694 0.052083 0.092593
1 0.26685 0.522573 0.052083 0.092593
1 0.254774 0.476857 0.052083 0.092593
1 0.277048 0.601048 0.052083 0.092593
1 0.273964 0.643512 0.052083 0.092593
1 0.241996 0.586736 0.052083 0.092593
1 0.2313 0.624497 0.052083 0.092593
14 0.230674 0.459755 0.0625 0.111111
2 0.347368 0.669594 0.052083 0.092593
2 0.253985 0.619715 0.052083 0.092593
1 0.3166 0.613737 0.052083 0.092593
1 0.225371 0.417311 0.052083 0.092593
1 0.286041 0.562909 0.052083 0.092593
6 0.059526 0.176848 0.117188 0.208333
6 0.050411 0.424269 0.117188 0.208333
1 0.317263 0.693159 0.052083 0.092593
1 0.338943 0.600212 0.052083 0.092593
1 0.347159 0.713303 0.052083 0.092593
1 0.338794 0.554797 0.052083 0.092593
1 0.335432 0.748285 0.052083 0.092593
1 0.310199 0.571884 0.052083 0.092593
1 0.292735 0.684506 0.052083 0.092593
1 0.363148 0.60384 0.052083 0.092593
4 0.216261 0.587576 0.052083 0.092593
2 0.290626 0.71979 0.052083 0.092593
1 0.44215 0.361335 0.052083 0.092593
1 0.363295 0.556609 0.052083 0.092593
1 0.403071 0.521943 0.052083 0.092593
1 0.344011 0.513065 0.052083 0.092593
4 0.279989 0.480947 0.052083 0.092593
4 0.31699 0.529084 0.052083 0.092593
4 0.329524 0.474003 0.052083 0.092593
2 0.303155 0.752779 0.052083 0.092593
2 0.269502 0.682466 0.052083 0.092593
1 0.206728 0.475253 0.052083 0.092593
1 0.119812 0.332111 0.052083 0.092593
1 0.48803 0.222263 0.052083 0.092593
1 0.398713 0.379248 0.052083 0.092593
1 0.527011 0.500644 0.052083 0.092593
1 0.554615 0.32609 0.052083 0.092593
4 0.26363 0.881278 0.052083 0.092593
4 0.238942 0.857414 0.052083 0.092593
4 0.213544 0.878102 0.052083 0.092593
1 0.177739 0.400859 0.052083 0.092593
1 0.429897 0.319683 0.052083 0.092593
1 0.335649 0.319756 0.052083 0.092593
1 0.519418 0.22826 0.052083 0.092593
2 0.422135 0.425358 0.052083 0.092593
2 0.445592 0.63139 0.052083 0.092593
2 0.419797 0.36764 0.052083 0.092593
1 0.62515 0.803001 0.052083 0.092593
1 0.201018 0.008292 0.052083 0.092593
1 0.106605 0.220068 0.052083 0.092593
1 0.707111 0.647972 0.052083 0.092593
1 0.140548 0.651821 0.052083 0.092593
2 0.100425 0.483078 0.052083 0.092593
2 0.065082 0.69359 0.052083 0.092593
2 0.763301 0.806235 0.052083 0.092593
2 0.174712 0.611733 0.052083 0.092593
2 0.104549 0.561182 0.052083 0.092593
2 0.834514 0.424476 0.052083 0.092593
1 0.869023 0.418981 0.052083 0.092593
1 0.892673 0.473457 0.052083 0.092593
1 0.083028 0.843946 0.052083 0.092593
38 0.38939 0.361969 0.052083 0.092593
38 0.17355 0.213149 0.052083 0.092593
37 0.476037 0.468256 0.041667 0.074074
37 0.750192 0.309401 0.041667 0.074074
37 0.819695 0.124359 0.041667 0.074074
36 0.832802 0.102939 0.028846 0.051282
36 0.054877 0.379077 0.028846 0.051282
36 0.380944 0.093802 0.028846 0.051282
36 0.40144 0.206213 0.028846 0.051282
36 0.192788 0.123513 0.028846 0.051282
36 0.246819 0.100521 0.028846 0.051282
36 0.231468 0.107217 0.028846 0.051282
36 0.044181 0.292376 0.028846 0.051282
36 0.254398 0.019849 0.028846 0.051282
36 0.192054 0.119035 0.028846 0.051282
36 0.149662 0.100587 0.028846 0.051282
36 0.608052 0.310171 0.028846 0.051282
36 0.59272 0.394908 0.028846 0.051282
36 0.589323 0.281235 0.028846 0.051282
36 0.60897 0.364772 0.028846 0.051282
36 0.847093 0.147732 0.028846 0.051282
36 0.8856 0.299334 0.028846 0.051282
36 0.706477 0.426677 0.028846 0.051282
36 0.843061 0.159914 0.028846 0.051282
36 0.614553 0.179926 0.028846 0.051282
36 0.607215 0.153033 0.028846 0.051282
36 0.560058 0.114864 0.028846 0.051282
36 0.535611 0.05166 0.028846 0.051282
36 0.480692 0.05781 0.028846 0.051282
36 0.335587 0.339938 0.028846 0.051282
36 0.345576 0.27913 0.028846 0.051282
36 0.121786 0.02354 0.028846 0.051282
36 0.107625 0.095318 0.028846 0.051282
36 0.079789 0.420377 0.028846 0.051282
36 0.072828 0.438279 0.028846 0.051282
36 0.062385 0.372745 0.028846 0.051282
36 0.049899 0.392344 0.028846 0.051282
36 0.149894 0.445526 0.028846 0.051282
36 0.285116 0.521106 0.028846 0.051282
