0 0.5 0.49 0.078125 0.138889
14 0.309514 0.131723 0.0625 0.111111
17 0.400552 0.000747 0.0625 0.111111
17 0.1675 0.50872 0.0625 0.111111
17 0.107259 0.487415 0.0625 0.111111
1 0.192969 0.038907 0.052083 0.092593
16 0.193113 0.811617 0.078125 0.138889
16 0.110061 0.680758 0.078125 0.138889
1 0.16387 0.811917 0.052083 0.092593
1 0.088614 0.719101 0.052083 0.092593
1 0.028566 0.741496 0.052083 0.092593
1 0.092227 0.536121 0.052083 0.092593
1 0.181926 0.767041 0.052083 0.092593
1 0.202727 0.649184 0.052083 0.092593
1 0.004146 0.810611 0.052083 0.092593
1 0.02817 0.695906 0.052083 0.092593
37 0.509319 0.252591 0.041667 0.074074
38 0.144862 0.437341 0.052083 0.092593
37 0.571409 0.152839 0.041667 0.074074
37 0.257234 0.145095 0.041667 0.074074
38 0.207546 0.626921 0.052083 0.092593
37 0.916151 0.244736 0.041667 0.074074
36 0.818537 0.610568 0.028846 0.051282
36 0.261271 0.159488 0.028846 0.051282
36 0.649063 0.929969 0.028846 0.051282
36 0.251549 0.146116 0.028846 0.051282
36 0.208072 0.102394 0.028846 0.051282
36 0.438036 0.117558 0.028846 0.051282
36 0.452068 0.809726 0.028846 0.051282
36 0.411721 0.15279 0.028846 0.051282
36 0.695685 0.835158 0.028846 0.051282
36 0.35399 0.122597 0.028846 0.051282
36 0.328701 0.266368 0.028846 0.051282
36 0.15284 0.669461 0.028846 0.051282
36 0.262458 0.074297 0.028846 0.051282
36 0.646563 0.026066 0.028846 0.051282
36 0.043621 0.785469 0.028846 0.051282
36 0.689684 0.843523 0.028846 0.051282
36 0.874872 0.143662 0.028846 0.051282
36 0.172178 0.839179 0.028846 0.051282
36 0.170031 0.791025 0.028846 0.051282
36 0.721989 0.794458 0.028846 0.051282
36 0.097835 0.934207 0.028846 0.051282
36 0.08024 0.971164 0.028846 0.051282
36 0.897515 0.342156 0.028846 0.051282
36 0.444458 0.279865 0.028846 0.051282
36 0.369269 0.132623 0.028846 0.051282
36 0.19312 0.530458 0.028846 0.051282
36 0.878819 0.055552 0.028846 0.051282
36 0.684366 0.85868 0.028846 0.051282
36 0.504605 0.208026 0.028846 0.051282
36 0.209859 0.756455 0.028846 0.051282
