0 0.740279 0.49 0.078125 0.138889
16 0.076893 0.172977 0.078125 0.138889
16 0.389046 0.018172 0.078125 0.138889
14 0.455955 0.29643 0.0625 0.111111
14 0.446883 0.334075 0.0625 0.111111
14 0.360764 0.011116 0.0625 0.111111
14 0.420314 0.523696 0.0625 0.111111
14 0.228357 0.32742 0.0625 0.111111
14 0.313496 0.191112 0.0625 0.111111
17 0.543231 0.047462 0.0625 0.111111
38 0.466346 0.452133 0.052083 0.092593
36 0.805448 0.159573 0.028846 0.051282
36 0.713704 0.274723 0.028846 0.051282
36 0.767233 0.288723 0.028846 0.051282
36 0.425713 0.559093 0.028846 0.051282
36 0.671204 0.314762 0.028846 0.051282
36 0.790922 0.351861 0.028846 0.051282
36 0.836902 0.48584 0.028846 0.051282
36 0.195288 0.264142 0.028846 0.051282
36 0.183811 0.554852 0.028846 0.051282
36 0.094235 0.690722 0.028846 0.051282
36 0.686961 0.145699 0.028846 0.051282
36 0.620882 0.280599 0.028846 0.051282
36 0.825327 0.325223 0.028846 0.051282
36 0.660703 0.26135 0.028846 0.051282
36 0.589443 0.138248 0.028846 0.051282
36 0.648494 0.196945 0.028846 0.051282
36 0.739608 0.02352 0.028846 0.051282
36 0.760349 0.174938 0.028846 0.051282
36 0.226678 0.508534 0.028846 0.051282
36 0.710549 0.317656 0.028846 0.051282
36 0.558279 0.178588 0.028846 0.051282
36 0.66552 0.039578 0.028846 0.051282
36 0.710138 0.007545 0.028846 0.051282
