0 0.370549 0.710111 0.078125 0.138889
6 0.340587 0.225194 0.117188 0.208333
6 0.558106 0.17681 0.117188 0.208333
1 0.395228 0.175463 0.052083 0.092593
6 0.730087 0.556987 0.117188 0.208333
6 0.66809 0.42039 0.117188 0.208333
1 0.346651 0.192047 0.052083 0.092593
1 0.329861 0.319111 0.052083 0.092593
1 0.300252 0.279435 0.052083 0.092593
1 0.324112 0.206084 0.052083 0.092593
1 0.31437 0.164912 0.052083 0.092593
1 0.307433 0.350885 0.052083 0.092593
1 0.288509 0.397444 0.052083 0.092593
1 0.270834 0.322787 0.052083 0.092593
1 0.267648 0.374225 0.052083 0.092593
14 0.286381 0.195701 0.0625 0.111111
2 0.262367 0.459401 0.052083 0.092593
2 0.318448 0.253777 0.052083 0.092593
2 0.285739 0.349966 0.052083 0.092593
1 0.392588 0.304657 0.052083 0.092593
1 0.328482 0.086117 0.052083 0.092593
1 0.360725 0.229791 0.052083 0.092593
4 0.233332 0.491965 0.052083 0.092593
4 0.350281 0.275258 0.052083 0.092593
6 0.171439 0.18543 0.117188 0.208333
6 0.37613 0.090672 0.117188 0.208333
1 0.32255 0.386077 0.052083 0.092593
1 0.399412 0.223483 0.052083 0.092593
1 0.344914 0.359709 0.052083 0.092593
1 0.420613 0.154676 0.052083 0.092593
1 0.324973 0.440086 0.052083 0.092593
1 0.387513 0.261784 0.052083 0.092593
1 0.28306 0.450486 0.052083 0.092593
1 0.488689 0.235808 0.052083 0.092593
4 0.245925 0.316964 0.052083 0.092593
1 0.416689 0.493422 0.052083 0.092593
1 0.44631 0.458521 0.052083 0.092593
2 0.352128 0.316139 0.052083 0.092593
2 0.248828 0.388586 0.052083 0.092593
1 0.565543 0.302673 0.052083 0.092593
1 0.47431 0.072895 0.052083 0.092593
1 0.59393 0.068747 0.052083 0.092593
1 0.432189 0.085508 0.052083 0.092593
4 0.33724 0.149734 0.052083 0.092593
4 0.371597 0.187436 0.052083 0.092593
4 0.362018 0.140836 0.052083 0.092593
1 0.518447 0.607793 0.052083 0.092593
2 0.411292 0.419765 0.052083 0.092593
2 0.470488 0.573507 0.052083 0.092593
2 0.221727 0.4201 0.052083 0.092593
2 0.463423 0.477684 0.052083 0.092593
2 0.2337 0.349522 0.052083 0.092593
6 0.546891 0.295416 0.117188 0.208333
1 0.218655 0.104688 0.052083 0.092593
1 0.133338 0.046064 0.052083 0.092593
1 0.841553 0.14163 0.052083 0.092593
4 0.348925 0.446633 0.052083 0.092593
4 0.38084 0.438253 0.052083 0.092593
4 0.393956 0.478783 0.052083 0.092593
4 0.367854 0.477064 0.052083 0.092593
1 0.14098 0.005462 0.052083 0.092593
2 0.88467 0.708313 0.052083 0.092593
1 0.850316 0.825911 0.052083 0.092593
1 0.803988 0.824484 0.052083 0.092593
1 0.753068 0.826458 0.052083 0.092593
1 0.500731 0.807754 0.052083 0.092593
1 0.47938 0.827275 0.052083 0.092593
1 0.978704 0.839819 0.052083 0.092593
37 0.472036 0.835048 0.041667 0.074074
38 0.556056 0.361969 0.052083 0.092593
38 0.340217 0.213149 0.052083 0.092593
37 0.642704 0.468256 0.041667 0.074074
37 0.916859 0.309401 0.041667 0.074074
37 0.986361 0.124359 0.041667 0.074074
36 0.117041 0.728403 0.028846 0.051282
36 0.999468 0.102939 0.028846 0.051282
36 0.221544 0.379077 0.028846 0.051282
36 0.547611 0.093802 0.028846 0.051282
36 0.568106 0.206213 0.028846 0.051282
36 0.359455 0.123513 0.028846 0.051282
36 0.413486 0.100521 0.028846 0.051282
36 0.398135 0.107217 0.028846 0.051282
36 0.210848 0.292376 0.028846 0.051282
36 0.421064 0.019849 0.028846 0.051282
36 0.358721 0.119035 0.028846 0.051282
36 0.316329 0.100587 0.028846 0.051282
36 0.774719 0.310171 0.028846 0.051282
36 0.759387 0.394908 0.028846 0.051282
36 0.75599 0.281235 0.028846 0.051282
36 0.775637 0.364772 0.028846 0.051282
36 0.873144 0.426677 0.028846 0.051282
36 0.781219 0.179926 0.028846 0.051282
36 0.773882 0.153033 0.028846 0.051282
36 0.726725 0.114864 0.028846 0.051282
36 0.702277 0.05166 0.028846 0.051282
36 0.647358 0.05781 0.028846 0.051282
36 0.502254 0.339938 0.028846 0.051282
36 0.512243 0.27913 0.028846 0.051282
36 0.288453 0.02354 0.028846 0.051282
36 0.274292 0.095318 0.028846 0.051282
36 0.246456 0.420377 0.028846 0.051282
36 0.239494 0.438279 0.028846 0.051282
36 0.229052 0.372745 0.028846 0.051282
36 0.216565 0.392344 0.028846 0.051282
36 0.316561 0.445526 0.028846 0.051282
36 0.451783 0.521106 0.028846 0.051282
