0 0.5 0.49 0.078125 0.138889
1 0.473444 0.955134 0.052083 0.092593
1 0.481309 0.910713 0.052083 0.092593
6 0.037599 0.71293 0.117188 0.208333
14 0.414583 0.844971 0.0625 0.111111
1 0.348994 0.459364 0.052083 0.092593
1 0.313048 0.783623 0.052083 0.092593
1 0.672425 0.984192 0.052083 0.092593
1 0.371034 0.439106 0.052083 0.092593
1 0.162774 0.2896 0.052083 0.092593
1 0.045282 0.925132 0.052083 0.092593
1 0.03512 0.355135 0.052083 0.092593
1 0.773915 0.28509 0.052083 0.092593
1 0.890151 0.615926 0.052083 0.092593
1 0.91058 0.34203 0.052083 0.092593
1 0.014341 0.516516 0.052083 0.092593
13 0.853999 0.591439 0.0625 0.111111
35 0.189167 0.418251 0.083705 0.14881
36 0.023566 0.867179 0.028846 0.051282
36 0.782733 0.876971 0.028846 0.051282
36 0.813467 0.928225 0.028846 0.051282
36 0.853726 0.810652 0.028846 0.051282
36 0.099728 0.828762 0.028846 0.051282
36 0.092204 0.831114 0.028846 0.051282
36 0.849095 0.930495 0.028846 0.051282
36 0.316589 0.954374 0.028846 0.051282
36 0.667695 0.395215 0.028846 0.051282
36 0.315719 0.966139 0.028846 0.051282
36 0.313874 0.911645 0.028846 0.051282
36 0.357426 0.97107 0.028846 0.051282
36 0.499771 0.940851 0.028846 0.051282
36 0.510318 0.920817 0.028846 0.051282
36 0.552303 0.88951 0.028846 0.051282
36 0.425665 0.888909 0.028846 0.051282
36 0.880289 0.78194 0.028846 0.051282
36 0.528845 0.808343 0.028846 0.051282
36 0.588008 0.335503 0.028846 0.051282
36 0.825495 0.998043 0.028846 0.051282
36 0.834654 0.990603 0.028846 0.051282
36 0.521184 0.914959 0.028846 0.051282
36 0.482948 0.691651 0.028846 0.051282
36 0.514816 0.842501 0.028846 0.051282
36 0.50433 0.637349 0.028846 0.051282
36 0.641285 0.27946 0.028846 0.051282
36 0.424553 0.744881 0.028846 0.051282
36 0.51999 0.875649 0.028846 0.051282
36 0.597818 0.278068 0.028846 0.051282
36 0.410938 0.333412 0.028846 0.051282
