0 0.5 0.49 0.078125 0.138889
16 0.066649 0.945739 0.078125 0.138889
36 0.832449 0.357641 0.028846 0.051282
36 0.740705 0.472791 0.028846 0.051282
36 0.794234 0.48679 0.028846 0.051282
36 0.307351 0.225181 0.028846 0.051282
36 0.523557 0.774313 0.028846 0.051282
36 0.553736 0.719729 0.028846 0.051282
36 0.327356 0.1873 0.028846 0.051282
36 0.340668 0.224021 0.028846 0.051282
36 0.320386 0.182171 0.028846 0.051282
36 0.347265 0.144468 0.028846 0.051282
36 0.609006 0.518327 0.028846 0.051282
36 0.541684 0.661891 0.028846 0.051282
36 0.412257 0.654293 0.028846 0.051282
36 0.64021 0.427184 0.028846 0.051282
36 0.600452 0.45535 0.028846 0.051282
36 0.554628 0.406103 0.028846 0.051282
36 0.423804 0.638873 0.028846 0.051282
36 0.371262 0.557556 0.028846 0.051282
36 0.452714 0.75716 0.028846 0.051282
36 0.691484 0.032793 0.028846 0.051282
