0 0.543818 0.556849 0.078125 0.138889
14 0.326575 0.199602 0.0625 0.111111
16 0.659867 0.08016 0.078125 0.138889
6 0.512474 0.086116 0.117188 0.208333
17 0.388813 0.072457 0.0625 0.111111
17 0.435802 0.144461 0.0625 0.111111
17 0.175635 0.41658 0.0625 0.111111
1 0.361466 0.000931 0.052083 0.092593
1 0.275063 0.037046 0.052083 0.092593
1 0.322462 0.118169 0.052083 0.092593
14 0.650407 0.015434 0.0625 0.111111
17 0.255394 0.645595 0.0625 0.111111
17 0.191063 0.455391 0.0625 0.111111
17 0.173682 0.459693 0.0625 0.111111
1 0.134248 0.782858 0.052083 0.092593
1 0.016956 0.575811 0.052083 0.092593
1 0.857745 0.745949 0.052083 0.092593
16 0.120342 0.028874 0.078125 0.138889
37 0.213987 0.33337 0.041667 0.074074
38 0.212332 0.084822 0.052083 0.092593
37 0.478904 0.353497 0.041667 0.074074
36 0.836902 0.477197 0.028846 0.051282
36 0.094235 0.68208 0.028846 0.051282
36 0.867726 0.487823 0.028846 0.051282
36 0.883609 0.269938 0.028846 0.051282
36 0.903237 0.62536 0.028846 0.051282
36 0.898018 0.006957 0.028846 0.051282
36 0.773214 0.32896 0.028846 0.051282
36 0.781367 0.337429 0.028846 0.051282
36 0.690602 0.489485 0.028846 0.051282
36 0.692074 0.317929 0.028846 0.051282
36 0.673406 0.535811 0.028846 0.051282
36 0.628418 0.598626 0.028846 0.051282
36 0.617322 0.147121 0.028846 0.051282
36 0.647936 0.274582 0.028846 0.051282
36 0.579529 0.327383 0.028846 0.051282
36 0.850677 0.07986 0.028846 0.051282
36 0.373425 0.257175 0.028846 0.051282
36 0.428168 0.277172 0.028846 0.051282
36 0.472705 0.197787 0.028846 0.051282
36 0.424384 0.170109 0.028846 0.051282
36 0.342686 0.18914 0.028846 0.051282
36 0.332882 0.382429 0.028846 0.051282
36 0.407596 0.451901 0.028846 0.051282
36 0.149782 0.132777 0.028846 0.051282
36 0.168338 0.091594 0.028846 0.051282
36 0.181856 0.132292 0.028846 0.051282
36 0.192978 0.213324 0.028846 0.051282
36 0.005136 0.11264 0.028846 0.051282
36 0.444711 0.34148 0.028846 0.051282
36 0.443431 0.237314 0.028846 0.051282
36 0.455499 0.005829 0.028846 0.051282
