0 0.348748 0.49 0.078125 0.138889
14 0.721847 0.365655 0.0625 0.111111
25 0.333786 0.055717 0.072917 0.12963
14 0.492123 0.30083 0.0625 0.111111
14 0.755224 0.602646 0.0625 0.111111
14 0.849907 0.843654 0.0625 0.111111
14 0.817822 0.781459 0.0625 0.111111
38 0.343055 0.701325 0.052083 0.092593
37 0.452563 0.761856 0.041667 0.074074
36 0.468271 0.135548 0.028846 0.051282
36 0.897671 0.070015 0.028846 0.051282
36 0.987628 0.199574 0.028846 0.051282
36 0.903273 0.933765 0.028846 0.051282
36 0.976286 0.002784 0.028846 0.051282
36 0.67866 0.225811 0.028846 0.051282
36 0.499217 0.19285 0.028846 0.051282
36 0.497541 0.014237 0.028846 0.051282
36 0.661049 0.038769 0.028846 0.051282
36 0.561093 0.896079 0.028846 0.051282
36 0.181335 0.42004 0.028846 0.051282
36 0.475091 0.250759 0.028846 0.051282
36 0.492786 0.093815 0.028846 0.051282
36 0.41216 0.124533 0.028846 0.051282
36 0.385817 0.143564 0.028846 0.051282
36 0.373274 0.121739 0.028846 0.051282
36 0.425225 0.046636 0.028846 0.051282
36 0.447697 0.062836 0.028846 0.051282
36 0.590174 0.005967 0.028846 0.051282
36 0.284654 0.645324 0.028846 0.051282
36 0.334509 0.734684 0.028846 0.051282
36 0.371967 0.779807 0.028846 0.051282
36 0.427772 0.002686 0.028846 0.051282
36 0.421046 0.797481 0.028846 0.051282
36 0.285162 0.624782 0.028846 0.051282
36 0.329088 0.707558 0.028846 0.051282
36 0.477843 0.12534 0.028846 0.051282
36 0.620954 0.09849 0.028846 0.051282
36 0.85226 0.409007 0.028846 0.051282
36 0.866972 0.485299 0.028846 0.051282
36 0.414481 0.261574 0.028846 0.051282
36 0.404013 0.206183 0.028846 0.051282
36 0.882976 0.889062 0.028846 0.051282
36 0.83818 0.805394 0.028846 0.051282
36 0.699647 0.11239 0.028846 0.051282
36 0.489675 0.288616 0.028846 0.051282
36 0.465269 0.165496 0.028846 0.051282
36 0.521505 0.229422 0.028846 0.051282
36 0.498214 0.162427 0.028846 0.051282
36 0.472294 0.251276 0.028846 0.051282
36 0.472239 0.23923 0.028846 0.051282
36 0.474424 0.230277 0.028846 0.051282
36 0.29315 0.49873 0.028846 0.051282
36 0.303035 0.696697 0.028846 0.051282
36 0.233536 0.790696 0.028846 0.051282
36 0.347853 0.425151 0.028846 0.051282
36 0.344473 0.431362 0.028846 0.051282
36 0.335599 0.39655 0.028846 0.051282
