0 0.297848 0.634369 0.078125 0.138889
16 0.622776 0.072195 0.078125 0.138889
1 0.617707 0.758605 0.052083 0.092593
1 0.732727 0.788667 0.052083 0.092593
23 0.953029 0.061931 0.052083 0.092593
14 0.715778 0.122232 0.0625 0.111111
17 0.407335 0.444434 0.0625 0.111111
38 0.288127 0.118634 0.052083 0.092593
36 0.924288 0.189403 0.028846 0.051282
36 0.747845 0.160536 0.028846 0.051282
36 0.926726 0.047653 0.028846 0.051282
36 0.408893 0.737301 0.028846 0.051282
36 0.047545 0.409186 0.028846 0.051282
36 0.425107 0.552512 0.028846 0.051282
36 0.557608 0.221646 0.028846 0.051282
36 0.10845 0.849234 0.028846 0.051282
36 0.636178 0.822481 0.028846 0.051282
36 0.402339 0.227568 0.028846 0.051282
36 0.383701 0.759718 0.028846 0.051282
36 0.530098 0.25914 0.028846 0.051282
36 0.476538 0.068625 0.028846 0.051282
