0 0.517948 0.49 0.078125 0.138889
16 0.17291 0.608016 0.078125 0.138889
1 0.185244 0.349072 0.052083 0.092593
1 0.072882 0.523352 0.052083 0.092593
1 0.042755 0.519554 0.052083 0.092593
1 0.078673 0.298644 0.052083 0.092593
1 0.17769 0.660561 0.052083 0.092593
1 0.088056 0.348182 0.052083 0.092593
1 0.213546 0.505184 0.052083 0.092593
25 0.382866 0.795682 0.072917 0.12963
35 0.151411 0.251488 0.083705 0.14881
37 0.489916 0.053468 0.041667 0.074074
36 0.757621 0.307866 0.028846 0.051282
36 0.257542 0.117952 0.028846 0.051282
36 0.273284 0.131649 0.028846 0.051282
36 0.31863 0.11569 0.028846 0.051282
36 0.281406 0.064859 0.028846 0.051282
36 0.275433 0.111709 0.028846 0.051282
36 0.357068 0.136972 0.028846 0.051282
36 0.388038 0.260197 0.028846 0.051282
36 0.250322 0.635791 0.028846 0.051282
36 0.25148 0.466168 0.028846 0.051282
36 0.117705 0.452176 0.028846 0.051282
36 0.031272 0.544968 0.028846 0.051282
36 0.521158 0.051964 0.028846 0.051282
36 0.501011 0.059857 0.028846 0.051282
36 0.478859 0.044874 0.028846 0.051282
