0 0.303096 0.49 0.078125 0.138889
25 0.417127 0.818765 0.072917 0.12963
3 0.429609 0.77649 0.052083 0.092593
14 0.412487 0.877594 0.0625 0.111111
1 0.426142 0.93478 0.052083 0.092593
14 0.450581 0.743084 0.0625 0.111111
14 0.509449 0.956218 0.0625 0.111111
14 0.57608 0.466471 0.0625 0.111111
3 0.731586 0.703067 0.052083 0.092593
14 0.734875 0.804018 0.0625 0.111111
14 0.796213 0.61968 0.0625 0.111111
14 0.846287 0.396598 0.0625 0.111111
14 0.439216 0.477196 0.0625 0.111111
14 0.4611 0.927984 0.0625 0.111111
14 0.638778 0.881838 0.0625 0.111111
14 0.875866 0.927659 0.0625 0.111111
18 0.194489 0.663522 0.117188 0.208333
6 0.306008 0.215328 0.117188 0.208333
37 0.655378 0.425139 0.041667 0.074074
37 0.184089 0.423994 0.041667 0.074074
38 0.30909 0.398205 0.052083 0.092593
37 0.57792 0.888817 0.041667 0.074074
37 0.628095 0.507198 0.041667 0.074074
37 0.435942 0.864165 0.041667 0.074074
36 0.806138 0.34332 0.028846 0.051282
36 0.897671 0.512111 0.028846 0.051282
36 0.987628 0.64167 0.028846 0.051282
36 0.863376 0.233684 0.028846 0.051282
36 0.976286 0.44488 0.028846 0.051282
36 0.661049 0.480864 0.028846 0.051282
36 0.659811 0.422137 0.028846 0.051282
36 0.24882 0.481552 0.028846 0.051282
36 0.150887 0.507301 0.028846 0.051282
36 0.169675 0.393183 0.028846 0.051282
36 0.163289 0.614466 0.028846 0.051282
36 0.56638 0.928681 0.028846 0.051282
36 0.827484 0.443472 0.028846 0.051282
36 0.992537 0.391974 0.028846 0.051282
36 0.529017 0.966417 0.028846 0.051282
36 0.680555 0.423575 0.028846 0.051282
36 0.646803 0.339515 0.028846 0.051282
36 0.648204 0.296614 0.028846 0.051282
36 0.92365 0.58742 0.028846 0.051282
36 0.911036 0.593132 0.028846 0.051282
36 0.924653 0.597886 0.028846 0.051282
36 0.587808 0.939388 0.028846 0.051282
36 0.627109 0.551189 0.028846 0.051282
36 0.629523 0.530156 0.028846 0.051282
36 0.613917 0.557293 0.028846 0.051282
36 0.623883 0.588622 0.028846 0.051282
36 0.176617 0.41171 0.028846 0.051282
36 0.612185 0.600115 0.028846 0.051282
36 0.575312 0.485069 0.028846 0.051282
36 0.568454 0.465083 0.028846 0.051282
36 0.570905 0.476454 0.028846 0.051282
36 0.605502 0.954162 0.028846 0.051282
36 0.662733 0.925204 0.028846 0.051282
36 0.396173 0.91178 0.028846 0.051282
36 0.407551 0.886887 0.028846 0.051282
36 0.382941 0.863333 0.028846 0.051282
