0 0.421674 0.49 0.078125 0.138889
14 0.192429 0.420038 0.0625 0.111111
14 0.295993 0.196627 0.0625 0.111111
14 0.988616 0.457256 0.0625 0.111111
14 0.888345 0.267276 0.0625 0.111111
25 0.825117 0.255517 0.072917 0.12963
25 0.76183 0.308817 0.072917 0.12963
36 0.468271 0.152616 0.028846 0.051282
36 0.897671 0.087082 0.028846 0.051282
36 0.987628 0.216641 0.028846 0.051282
36 0.903273 0.950832 0.028846 0.051282
36 0.976286 0.019851 0.028846 0.051282
36 0.714847 0.316411 0.028846 0.051282
36 0.699557 0.281769 0.028846 0.051282
36 0.67866 0.242878 0.028846 0.051282
36 0.499217 0.209917 0.028846 0.051282
36 0.497541 0.031304 0.028846 0.051282
36 0.778665 0.368108 0.028846 0.051282
36 0.690669 0.62672 0.028846 0.051282
36 0.66165 0.059179 0.028846 0.051282
36 0.528285 0.737194 0.028846 0.051282
36 0.561647 0.918532 0.028846 0.051282
36 0.297944 0.396057 0.028846 0.051282
