0 0.5 0.49 0.078125 0.138889
1 0.718836 0.807921 0.052083 0.092593
1 0.772668 0.7907 0.052083 0.092593
17 0.268108 0.109645 0.0625 0.111111
17 0.044753 0.580605 0.0625 0.111111
14 0.424333 0.981648 0.0625 0.111111
14 0.728648 0.199691 0.0625 0.111111
14 0.491049 0.002539 0.0625 0.111111
17 0.745945 0.346746 0.0625 0.111111
17 0.733812 0.433242 0.0625 0.111111
17 0.740804 0.391999 0.0625 0.111111
38 0.43874 0.205322 0.052083 0.092593
38 0.571656 0.822302 0.052083 0.092593
37 0.256806 0.301801 0.041667 0.074074
37 0.319297 0.712181 0.041667 0.074074
36 0.910758 0.529741 0.028846 0.051282
36 0.942212 0.856008 0.028846 0.051282
36 0.819052 0.271835 0.028846 0.051282
36 0.16082 0.152347 0.028846 0.051282
36 0.289121 0.92502 0.028846 0.051282
36 0.091097 0.900473 0.028846 0.051282
36 0.258483 0.317507 0.028846 0.051282
36 0.844918 0.393689 0.028846 0.051282
36 0.865659 0.545107 0.028846 0.051282
36 0.775625 0.387249 0.028846 0.051282
36 0.838692 0.34417 0.028846 0.051282
36 0.973036 0.866634 0.028846 0.051282
36 0.799362 0.370974 0.028846 0.051282
36 0.759975 0.200839 0.028846 0.051282
36 0.988919 0.648749 0.028846 0.051282
36 0.641166 0.890617 0.028846 0.051282
36 0.954617 0.339801 0.028846 0.051282
36 0.665331 0.779673 0.028846 0.051282
36 0.842421 0.636358 0.028846 0.051282
36 0.19445 0.230607 0.028846 0.051282
36 0.670305 0.827458 0.028846 0.051282
36 0.66912 0.473039 0.028846 0.051282
36 0.707382 0.957355 0.028846 0.051282
36 0.354593 0.196735 0.028846 0.051282
36 0.11888 0.209365 0.028846 0.051282
36 0.375722 0.146744 0.028846 0.051282
36 0.431962 0.007487 0.028846 0.051282
36 0.153958 0.420538 0.028846 0.051282
36 0.433661 0.887947 0.028846 0.051282
36 0.243212 0.099435 0.028846 0.051282
36 0.048627 0.665487 0.028846 0.051282
36 0.445752 0.051351 0.028846 0.051282
36 0.473004 0.04742 0.028846 0.051282
36 0.576205 0.235882 0.028846 0.051282
36 0.643392 0.079617 0.028846 0.051282
36 0.749578 0.037957 0.028846 0.051282
36 0.714824 0.40234 0.028846 0.051282
36 0.760952 0.403618 0.028846 0.051282
36 0.760027 0.3344 0.028846 0.051282
36 0.165965 0.294922 0.028846 0.051282
36 0.163963 0.249307 0.028846 0.051282
36 0.188714 0.296054 0.028846 0.051282
36 0.602703 0.626589 0.028846 0.051282
36 0.736336 0.879362 0.028846 0.051282
36 0.713714 0.536223 0.028846 0.051282
36 0.595287 0.281408 0.028846 0.051282
36 0.593975 0.32589 0.028846 0.051282
36 0.60104 0.207662 0.028846 0.051282
36 0.51802 0.720192 0.028846 0.051282
