0 0.5 0.49 0.078125 0.138889
17 0.793552 0.011983 0.0625 0.111111
17 0.657215 0.312334 0.0625 0.111111
17 0.129652 0.708606 0.0625 0.111111
1 0.163094 0.432947 0.052083 0.092593
14 0.096539 0.141693 0.0625 0.111111
14 0.650836 0.849466 0.0625 0.111111
14 0.469421 0.028271 0.0625 0.111111
14 0.10033 0.637334 0.0625 0.111111
14 0.1888 0.872858 0.0625 0.111111
14 0.286597 0.709909 0.0625 0.111111
2 0.129647 0.591898 0.052083 0.092593
15 0.579854 0.063744 0.078125 0.138889
25 0.165272 0.545294 0.072917 0.12963
25 0.649119 0.351376 0.072917 0.12963
25 0.147699 0.892354 0.072917 0.12963
1 0.349755 0.674808 0.052083 0.092593
1 0.406712 0.692617 0.052083 0.092593
37 0.133061 0.703147 0.041667 0.074074
37 0.178597 0.036175 0.041667 0.074074
37 0.207879 0.553627 0.041667 0.074074
37 0.640351 0.448016 0.041667 0.074074
37 0.701406 0.122546 0.041667 0.074074
37 0.249692 0.301725 0.041667 0.074074
37 0.624334 0.322288 0.041667 0.074074
37 0.270153 0.353795 0.041667 0.074074
37 0.96978 0.385847 0.041667 0.074074
37 0.196413 0.686513 0.041667 0.074074
36 0.765841 0.066771 0.028846 0.051282
36 0.078125 0.506161 0.028846 0.051282
36 0.671008 0.570438 0.028846 0.051282
36 0.617061 0.576934 0.028846 0.051282
36 0.574081 0.389425 0.028846 0.051282
36 0.714933 0.471177 0.028846 0.051282
36 0.878148 0.087097 0.028846 0.051282
36 0.751735 0.077162 0.028846 0.051282
36 0.786157 0.685775 0.028846 0.051282
36 0.987437 0.354184 0.028846 0.051282
36 0.942124 0.300549 0.028846 0.051282
36 0.925359 0.412029 0.028846 0.051282
36 0.630845 0.823104 0.028846 0.051282
36 0.664128 0.618049 0.028846 0.051282
36 0.725757 0.962237 0.028846 0.051282
36 0.577963 0.548615 0.028846 0.051282
36 0.068426 0.468712 0.028846 0.051282
36 0.482575 0.061898 0.028846 0.051282
36 0.165885 0.77454 0.028846 0.051282
36 0.092196 0.797568 0.028846 0.051282
36 0.117348 0.549764 0.028846 0.051282
36 0.240408 0.193148 0.028846 0.051282
36 0.189146 0.631093 0.028846 0.051282
36 0.572284 0.145016 0.028846 0.051282
36 0.290531 0.639431 0.028846 0.051282
36 0.390488 0.752935 0.028846 0.051282
36 0.401545 0.757476 0.028846 0.051282
36 0.448184 0.158712 0.028846 0.051282
36 0.401024 0.789261 0.028846 0.051282
36 0.586385 0.902335 0.028846 0.051282
36 0.464248 0.886128 0.028846 0.051282
36 0.357125 0.81784 0.028846 0.051282
36 0.476643 0.277923 0.028846 0.051282
36 0.655581 0.575824 0.028846 0.051282
36 0.78982 0.669101 0.028846 0.051282
36 0.581025 0.44209 0.028846 0.051282
36 0.372661 0.664431 0.028846 0.051282
36 0.59271 0.315951 0.028846 0.051282
36 0.522863 0.237065 0.028846 0.051282
