0 0.573688 0.49 0.078125 0.138889
16 0.233937 0.573927 0.078125 0.138889
1 0.341019 0.629889 0.052083 0.092593
1 0.369466 0.644016 0.052083 0.092593
3 0.314129 0.392837 0.052083 0.092593
14 0.053089 0.252615 0.0625 0.111111
14 0.810409 0.933617 0.0625 0.111111
37 0.485918 0.289868 0.041667 0.074074
38 0.121461 0.474618 0.052083 0.092593
37 0.548007 0.190116 0.041667 0.074074
36 0.757621 0.545386 0.028846 0.051282
36 0.501011 0.297377 0.028846 0.051282
36 0.488159 0.293912 0.028846 0.051282
36 0.507558 0.555101 0.028846 0.051282
36 0.140612 0.189068 0.028846 0.051282
36 0.679352 0.856275 0.028846 0.051282
36 0.643114 0.896221 0.028846 0.051282
36 0.502044 0.263401 0.028846 0.051282
36 0.397499 0.470286 0.028846 0.051282
36 0.041776 0.571819 0.028846 0.051282
36 0.364242 0.832534 0.028846 0.051282
36 0.424578 0.725979 0.028846 0.051282
36 0.318677 0.528498 0.028846 0.051282
36 0.797701 0.644971 0.028846 0.051282
36 0.430335 0.52735 0.028846 0.051282
36 0.42736 0.621795 0.028846 0.051282
36 0.402399 0.594276 0.028846 0.051282
36 0.356099 0.420052 0.028846 0.051282
