0 0.397913 0.49 0.078125 0.138889
17 0.154163 0.535935 0.0625 0.111111
17 0.42271 0.016249 0.0625 0.111111
36 0.342762 0.260806 0.028846 0.051282
36 0.273077 0.189971 0.028846 0.051282
36 0.237975 0.042477 0.028846 0.051282
36 0.231863 0.420126 0.028846 0.051282
36 0.327119 0.046103 0.028846 0.051282
36 0.187987 0.036495 0.028846 0.051282
36 0.210646 0.368969 0.028846 0.051282
36 0.268926 0.279952 0.028846 0.051282
36 0.263931 0.342891 0.028846 0.051282
36 0.274541 0.640492 0.028846 0.051282
36 0.335447 0.738721 0.028846 0.051282
36 0.291324 0.227309 0.028846 0.051282
36 0.624019 0.748054 0.028846 0.051282
36 0.924288 0.617887 0.028846 0.051282
36 0.298823 0.548696 0.028846 0.051282
36 0.305402 0.654368 0.028846 0.051282
36 0.250245 0.568224 0.028846 0.051282
