0 0.436417 0.478701 0.078125 0.138889
1 0.548908 0.830362 0.052083 0.092593
1 0.49873 0.856574 0.052083 0.092593
1 0.516815 0.885422 0.052083 0.092593
1 0.528271 0.84801 0.052083 0.092593
1 0.492039 0.898011 0.052083 0.092593
1 0.376976 0.840585 0.052083 0.092593
1 0.497388 0.94071 0.052083 0.092593
2 0.69058 0.664935 0.052083 0.092593
14 0.584013 0.811853 0.0625 0.111111
17 0.166503 0.915239 0.0625 0.111111
2 0.770883 0.825825 0.052083 0.092593
2 0.749616 0.835524 0.052083 0.092593
2 0.816356 0.894784 0.052083 0.092593
2 0.766798 0.862926 0.052083 0.092593
2 0.797254 0.911486 0.052083 0.092593
1 0.844326 0.296381 0.052083 0.092593
17 0.651192 0.952942 0.0625 0.111111
1 0.410356 0.959429 0.052083 0.092593
35 0.082848 0.373125 0.083705 0.14881
37 0.333245 0.452369 0.041667 0.074074
37 0.207235 0.336876 0.041667 0.074074
37 0.362528 0.969821 0.041667 0.074074
37 0.794999 0.86421 0.041667 0.074074
37 0.856055 0.538741 0.041667 0.074074
37 0.40434 0.71792 0.041667 0.074074
37 0.778983 0.738483 0.041667 0.074074
37 0.424801 0.76999 0.041667 0.074074
37 0.194356 0.380983 0.041667 0.074074
36 0.692506 0.343875 0.028846 0.051282
36 0.31657 0.511041 0.028846 0.051282
36 0.197584 0.310849 0.028846 0.051282
36 0.467019 0.250789 0.028846 0.051282
36 0.92049 0.482965 0.028846 0.051282
36 0.322877 0.44285 0.028846 0.051282
36 0.389438 0.747628 0.028846 0.051282
36 0.232774 0.922356 0.028846 0.051282
36 0.327517 0.240915 0.028846 0.051282
36 0.323381 0.929166 0.028846 0.051282
36 0.280101 0.824538 0.028846 0.051282
36 0.825656 0.986633 0.028846 0.051282
36 0.293025 0.774019 0.028846 0.051282
36 0.771709 0.993129 0.028846 0.051282
36 0.72873 0.805619 0.028846 0.051282
36 0.869582 0.887372 0.028846 0.051282
36 0.358284 0.899216 0.028846 0.051282
36 0.378013 0.512655 0.028846 0.051282
36 0.410493 0.767264 0.028846 0.051282
36 0.403864 0.996577 0.028846 0.051282
36 0.390742 0.843583 0.028846 0.051282
36 0.307706 0.590506 0.028846 0.051282
36 0.997013 0.363838 0.028846 0.051282
36 0.381925 0.497911 0.028846 0.051282
36 0.906384 0.493357 0.028846 0.051282
36 0.888002 0.270307 0.028846 0.051282
36 0.736707 0.967366 0.028846 0.051282
36 0.456877 0.799179 0.028846 0.051282
36 0.678775 0.915949 0.028846 0.051282
36 0.635335 0.840946 0.028846 0.051282
36 0.621834 0.915387 0.028846 0.051282
36 0.625286 0.939687 0.028846 0.051282
36 0.223075 0.884907 0.028846 0.051282
36 0.586931 0.214587 0.028846 0.051282
36 0.532991 0.809306 0.028846 0.051282
36 0.648682 0.476418 0.028846 0.051282
