0 0.5 0.49 0.078125 0.138889
25 0.474373 0.002163 0.072917 0.12963
13 0.357575 0.321505 0.0625 0.111111
1 0.269321 0.766428 0.052083 0.092593
1 0.870729 0.321723 0.052083 0.092593
14 0.337015 0.30065 0.0625 0.111111
14 0.710349 0.161312 0.0625 0.111111
17 0.282547 0.17957 0.0625 0.111111
38 0.248436 0.132376 0.052083 0.092593
36 0.884597 0.203144 0.028846 0.051282
36 0.007854 0.422927 0.028846 0.051282
36 0.068759 0.862975 0.028846 0.051282
36 0.524475 0.128044 0.028846 0.051282
36 0.168751 0.229576 0.028846 0.051282
36 0.445653 0.186256 0.028846 0.051282
36 0.922112 0.305603 0.028846 0.051282
36 0.498662 0.093065 0.028846 0.051282
36 0.456796 0.048949 0.028846 0.051282
36 0.396492 0.200518 0.028846 0.051282
36 0.252458 0.066137 0.028846 0.051282
36 0.428111 0.222524 0.028846 0.051282
36 0.365259 0.178252 0.028846 0.051282
36 0.709055 0.226465 0.028846 0.051282
36 0.752637 0.625003 0.028846 0.051282
36 0.406636 0.732458 0.028846 0.051282
36 0.282215 0.160777 0.028846 0.051282
