0 0.469808 0.459092 0.078125 0.138889
17 0.781686 0.818153 0.0625 0.111111
14 0.176927 0.906818 0.0625 0.111111
17 0.716324 0.487364 0.0625 0.111111
14 0.922433 0.896666 0.0625 0.111111
17 0.820635 0.564445 0.0625 0.111111
17 0.640538 0.953127 0.0625 0.111111
35 0.698138 0.20033 0.083705 0.14881
37 0.652584 0.622774 0.041667 0.074074
38 0.288127 0.807523 0.052083 0.092593
37 0.714674 0.523021 0.041667 0.074074
36 0.924288 0.878292 0.028846 0.051282
36 0.941872 0.502787 0.028846 0.051282
36 0.700872 0.61359 0.028846 0.051282
36 0.667677 0.630282 0.028846 0.051282
36 0.626576 0.599317 0.028846 0.051282
36 0.747845 0.849425 0.028846 0.051282
36 0.926726 0.736542 0.028846 0.051282
36 0.764682 0.384596 0.028846 0.051282
36 0.654826 0.626817 0.028846 0.051282
36 0.657964 0.903314 0.028846 0.051282
36 0.307278 0.521973 0.028846 0.051282
36 0.961717 0.766166 0.028846 0.051282
36 0.769382 0.651023 0.028846 0.051282
36 0.717622 0.519699 0.028846 0.051282
36 0.804513 0.527511 0.028846 0.051282
36 0.754942 0.405105 0.028846 0.051282
36 0.66871 0.596306 0.028846 0.051282
36 0.760649 0.639622 0.028846 0.051282
36 0.564166 0.803192 0.028846 0.051282
36 0.362257 0.464525 0.028846 0.051282
36 0.53427 0.350253 0.028846 0.051282
