0 0.673814 0.49 0.078125 0.138889
17 0.296778 0.391121 0.0625 0.111111
1 0.29894 0.233397 0.052083 0.092593
14 0.221579 0.365904 0.0625 0.111111
14 0.266298 0.556546 0.0625 0.111111
14 0.389268 0.407348 0.0625 0.111111
25 0.806948 0.742687 0.072917 0.12963
25 0.243273 0.269466 0.072917 0.12963
25 0.220579 0.580824 0.072917 0.12963
1 0.001601 0.805058 0.052083 0.092593
1 0.872972 0.675195 0.052083 0.092593
14 0.8326 0.618118 0.0625 0.111111
14 0.772805 0.363912 0.0625 0.111111
14 0.276811 0.520258 0.0625 0.111111
37 0.121043 0.445621 0.041667 0.074074
37 0.195861 0.2961 0.041667 0.074074
37 0.237674 0.044199 0.041667 0.074074
37 0.612316 0.064762 0.041667 0.074074
37 0.258135 0.096269 0.041667 0.074074
37 0.957762 0.12832 0.041667 0.074074
37 0.184395 0.428987 0.041667 0.074074
36 0.066107 0.248635 0.028846 0.051282
36 0.270713 0.82483 0.028846 0.051282
36 0.425385 0.86035 0.028846 0.051282
36 0.52332 0.796189 0.028846 0.051282
36 0.702915 0.213651 0.028846 0.051282
36 0.774138 0.428248 0.028846 0.051282
36 0.975419 0.096657 0.028846 0.051282
36 0.930106 0.043022 0.028846 0.051282
36 0.913341 0.154502 0.028846 0.051282
36 0.713739 0.70471 0.028846 0.051282
36 0.056408 0.211186 0.028846 0.051282
36 0.153867 0.517013 0.028846 0.051282
36 0.080178 0.540041 0.028846 0.051282
36 0.10533 0.292238 0.028846 0.051282
36 0.177128 0.373566 0.028846 0.051282
36 0.278513 0.381905 0.028846 0.051282
36 0.37847 0.495408 0.028846 0.051282
36 0.389527 0.499949 0.028846 0.051282
36 0.389006 0.531734 0.028846 0.051282
36 0.574367 0.644809 0.028846 0.051282
36 0.45223 0.628601 0.028846 0.051282
36 0.345107 0.560314 0.028846 0.051282
36 0.464625 0.020396 0.028846 0.051282
36 0.777802 0.411574 0.028846 0.051282
36 0.349639 0.422863 0.028846 0.051282
36 0.566235 0.072034 0.028846 0.051282
36 0.514561 0.000007 0.028846 0.051282
36 0.645064 0.093145 0.028846 0.051282
36 0.448123 0.353562 0.028846 0.051282
36 0.636782 0.144801 0.028846 0.051282
36 0.612504 0.166721 0.028846 0.051282
36 0.645341 0.173073 0.028846 0.051282
36 0.280648 0.315506 0.028846 0.051282
