0 0.517195 0.732866 0.078125 0.138889
1 0.651762 0.13172 0.052083 0.092593
1 0.15534 0.147635 0.052083 0.092593
1 0.693451 0.149382 0.052083 0.092593
1 0.085078 0.04099 0.052083 0.092593
1 0.104723 0.81625 0.052083 0.092593
1 0.866817 0.048597 0.052083 0.092593
1 0.083751 0.838853 0.052083 0.092593
1 0.88853 0.204965 0.052083 0.092593
13 0.465144 0.018203 0.0625 0.111111
37 0.305369 0.835048 0.041667 0.074074
36 0.160339 0.798727 0.028846 0.051282
36 0.073755 0.810688 0.028846 0.051282
36 0.735246 0.19797 0.028846 0.051282
36 0.875807 0.449207 0.028846 0.051282
36 0.765979 0.249223 0.028846 0.051282
36 0.814703 0.333072 0.028846 0.051282
36 0.865719 0.325242 0.028846 0.051282
36 0.806238 0.131651 0.028846 0.051282
36 0.181554 0.064954 0.028846 0.051282
36 0.419007 0.006335 0.028846 0.051282
36 0.052241 0.149761 0.028846 0.051282
36 0.044716 0.152113 0.028846 0.051282
36 0.24731 0.731699 0.028846 0.051282
36 0.242972 0.825901 0.028846 0.051282
36 0.232914 0.704119 0.028846 0.051282
36 0.234199 0.715058 0.028846 0.051282
36 0.163554 0.739144 0.028846 0.051282
36 0.435992 0.288027 0.028846 0.051282
36 0.49474 0.261283 0.028846 0.051282
36 0.574938 0.559451 0.028846 0.051282
36 0.737967 0.321656 0.028846 0.051282
36 0.504218 0.321643 0.028846 0.051282
36 0.492487 0.292176 0.028846 0.051282
36 0.534139 0.646072 0.028846 0.051282
36 0.402079 0.238264 0.028846 0.051282
36 0.606042 0.856427 0.028846 0.051282
36 0.333209 0.815256 0.028846 0.051282
36 0.597024 0.829939 0.028846 0.051282
36 0.629993 0.813528 0.028846 0.051282
