0 0.666358 0.49 0.078125 0.138889
17 0.182319 0.801385 0.0625 0.111111
1 0.200876 0.082012 0.052083 0.092593
1 0.123446 0.423971 0.052083 0.092593
1 0.168837 0.594909 0.052083 0.092593
1 0.1235 0.797533 0.052083 0.092593
1 0.125517 0.483911 0.052083 0.092593
1 0.785746 0.938206 0.052083 0.092593
1 0.194404 0.943772 0.052083 0.092593
16 0.834096 0.659214 0.078125 0.138889
17 0.440897 0.77305 0.0625 0.111111
17 0.438802 0.895172 0.0625 0.111111
17 0.610112 0.184476 0.0625 0.111111
17 0.632018 0.145904 0.0625 0.111111
38 0.33343 0.196119 0.052083 0.092593
38 0.466346 0.813099 0.052083 0.092593
37 0.151496 0.292598 0.041667 0.074074
37 0.213987 0.702978 0.041667 0.074074
36 0.805448 0.520538 0.028846 0.051282
36 0.836902 0.846805 0.028846 0.051282
36 0.713742 0.262632 0.028846 0.051282
36 0.05551 0.143144 0.028846 0.051282
36 0.183811 0.915817 0.028846 0.051282
36 0.153173 0.308304 0.028846 0.051282
36 0.739608 0.384486 0.028846 0.051282
36 0.760349 0.535904 0.028846 0.051282
36 0.733382 0.334968 0.028846 0.051282
36 0.867726 0.857431 0.028846 0.051282
36 0.654665 0.191636 0.028846 0.051282
36 0.883609 0.639546 0.028846 0.051282
36 0.535856 0.881414 0.028846 0.051282
36 0.849307 0.330598 0.028846 0.051282
36 0.560021 0.77047 0.028846 0.051282
36 0.737111 0.627155 0.028846 0.051282
36 0.08914 0.221404 0.028846 0.051282
36 0.564995 0.818255 0.028846 0.051282
36 0.602072 0.948152 0.028846 0.051282
36 0.249283 0.187532 0.028846 0.051282
36 0.01357 0.200162 0.028846 0.051282
36 0.270412 0.137541 0.028846 0.051282
36 0.048647 0.411335 0.028846 0.051282
36 0.328351 0.878744 0.028846 0.051282
36 0.137902 0.090232 0.028846 0.051282
36 0.340442 0.042148 0.028846 0.051282
36 0.367694 0.038217 0.028846 0.051282
36 0.538082 0.070414 0.028846 0.051282
36 0.644268 0.028755 0.028846 0.051282
36 0.060655 0.285719 0.028846 0.051282
36 0.058652 0.240104 0.028846 0.051282
36 0.083404 0.286851 0.028846 0.051282
36 0.631026 0.870159 0.028846 0.051282
36 0.41271 0.710989 0.028846 0.051282
36 0.586777 0.747314 0.028846 0.051282
36 0.593193 0.097471 0.028846 0.051282
36 0.641794 0.697114 0.028846 0.051282
36 0.314264 0.26747 0.028846 0.051282
36 0.449497 0.71538 0.028846 0.051282
36 0.579874 0.181979 0.028846 0.051282
36 0.653656 0.251792 0.028846 0.051282
36 0.6419 0.226693 0.028846 0.051282
