0 0.501012 0.49 0.078125 0.138889
17 0.796337 0.564429 0.0625 0.111111
14 0.276929 0.328919 0.0625 0.111111
17 0.84516 0.343467 0.0625 0.111111
1 0.132438 0.047067 0.052083 0.092593
2 0.252264 0.549089 0.052083 0.092593
1 0.117085 0.561306 0.052083 0.092593
1 0.06799 0.059078 0.052083 0.092593
16 0.671264 0.970286 0.078125 0.138889
1 0.178881 0.196849 0.052083 0.092593
1 0.221001 0.262269 0.052083 0.092593
1 0.219661 0.394422 0.052083 0.092593
1 0.706815 0.327148 0.052083 0.092593
1 0.218328 0.328317 0.052083 0.092593
14 0.043481 0.30124 0.0625 0.111111
14 0.319199 0.012776 0.0625 0.111111
14 0.818785 0.355747 0.0625 0.111111
14 0.279644 0.254573 0.0625 0.111111
14 0.387745 0.031424 0.0625 0.111111
1 0.796644 0.846819 0.052083 0.092593
1 0.181149 0.239389 0.052083 0.092593
1 0.117733 0.257947 0.052083 0.092593
1 0.081701 0.234504 0.052083 0.092593
1 0.138065 0.132257 0.052083 0.092593
1 0.264412 0.244073 0.052083 0.092593
37 0.121043 0.567101 0.041667 0.074074
37 0.195861 0.41758 0.041667 0.074074
37 0.628333 0.311969 0.041667 0.074074
36 0.6829 0.091883 0.028846 0.051282
36 0.222771 0.195386 0.028846 0.051282
36 0.066107 0.370115 0.028846 0.051282
36 0.540518 0.03558 0.028846 0.051282
36 0.633799 0.064832 0.028846 0.051282
36 0.632196 0.027054 0.028846 0.051282
36 0.619815 0.107762 0.028846 0.051282
36 0.768541 0.009763 0.028846 0.051282
36 0.634687 0.091158 0.028846 0.051282
36 0.600355 0.047849 0.028846 0.051282
36 0.701363 0.011959 0.028846 0.051282
36 0.598946 0.007014 0.028846 0.051282
36 0.156715 0.376925 0.028846 0.051282
36 0.376408 0.369979 0.028846 0.051282
36 0.535211 0.071954 0.028846 0.051282
36 0.546671 0.02723 0.028846 0.051282
36 0.487296 0.211961 0.028846 0.051282
36 0.270713 0.94631 0.028846 0.051282
36 0.113435 0.272297 0.028846 0.051282
36 0.425385 0.98183 0.028846 0.051282
36 0.300622 0.328153 0.028846 0.051282
36 0.40357 0.199235 0.028846 0.051282
36 0.411158 0.22895 0.028846 0.051282
36 0.436126 0.172552 0.028846 0.051282
36 0.421868 0.278755 0.028846 0.051282
36 0.434308 0.356524 0.028846 0.051282
36 0.65899 0.434391 0.028846 0.051282
36 0.358018 0.291647 0.028846 0.051282
36 0.248675 0.249877 0.028846 0.051282
36 0.126358 0.221777 0.028846 0.051282
36 0.355079 0.499503 0.028846 0.051282
36 0.605043 0.440888 0.028846 0.051282
36 0.52332 0.917669 0.028846 0.051282
36 0.562063 0.253378 0.028846 0.051282
36 0.524232 0.204108 0.028846 0.051282
