0 0.5 0.765207 0.078125 0.138889
6 0.369299 0.296734 0.117188 0.208333
6 0.505402 0.392443 0.117188 0.208333
6 0.538788 0.147042 0.117188 0.208333
1 0.382393 0.337173 0.052083 0.092593
6 0.791838 0.516818 0.117188 0.208333
6 0.642553 0.503398 0.117188 0.208333
1 0.351092 0.348066 0.052083 0.092593
1 0.34801 0.490997 0.052083 0.092593
1 0.329337 0.450389 0.052083 0.092593
1 0.338465 0.391311 0.052083 0.092593
1 0.319748 0.324221 0.052083 0.092593
1 0.32426 0.493985 0.052083 0.092593
1 0.327758 0.536821 0.052083 0.092593
1 0.293034 0.441285 0.052083 0.092593
1 0.28274 0.488591 0.052083 0.092593
14 0.294813 0.329808 0.0625 0.111111
2 0.369599 0.478753 0.052083 0.092593
2 0.303546 0.47384 0.052083 0.092593
1 0.390036 0.469008 0.052083 0.092593
1 0.276316 0.252388 0.052083 0.092593
1 0.356814 0.420765 0.052083 0.092593
4 0.332059 0.630844 0.052083 0.092593
4 0.403269 0.540786 0.052083 0.092593
6 0.21414 0.003967 0.117188 0.208333
6 0.206024 0.054081 0.117188 0.208333
6 0.292745 0.266441 0.117188 0.208333
1 0.352692 0.548636 0.052083 0.092593
1 0.401801 0.413486 0.052083 0.092593
1 0.377971 0.5483 0.052083 0.092593
1 0.405678 0.361799 0.052083 0.092593
1 0.361742 0.59143 0.052083 0.092593
1 0.380386 0.428588 0.052083 0.092593
1 0.336935 0.587929 0.052083 0.092593
1 0.447703 0.424119 0.052083 0.092593
4 0.267899 0.451199 0.052083 0.092593
2 0.307944 0.551025 0.052083 0.092593
1 0.572346 0.160994 0.052083 0.092593
1 0.438656 0.320832 0.052083 0.092593
1 0.514061 0.295258 0.052083 0.092593
1 0.412755 0.320089 0.052083 0.092593
4 0.344335 0.302816 0.052083 0.092593
4 0.382311 0.382568 0.052083 0.092593
4 0.391151 0.294614 0.052083 0.092593
2 0.313874 0.588546 0.052083 0.092593
2 0.291835 0.52347 0.052083 0.092593
6 0.569092 0.095016 0.117188 0.208333
1 0.259896 0.299353 0.052083 0.092593
1 0.163068 0.190041 0.052083 0.092593
1 0.627952 0.016909 0.052083 0.092593
1 0.511075 0.138174 0.052083 0.092593
1 0.703123 0.298896 0.052083 0.092593
1 0.727689 0.11271 0.052083 0.092593
4 0.298004 0.874552 0.052083 0.092593
4 0.231327 0.881299 0.052083 0.092593
4 0.207223 0.875569 0.052083 0.092593
4 0.158545 0.87261 0.052083 0.092593
1 0.197022 0.200316 0.052083 0.092593
1 0.557306 0.069847 0.052083 0.092593
1 0.421409 0.111286 0.052083 0.092593
2 0.640965 0.71617 0.052083 0.092593
2 0.543865 0.111585 0.052083 0.092593
2 0.582972 0.291979 0.052083 0.092593
2 0.535437 0.077167 0.052083 0.092593
1 0.67917 0.786508 0.052083 0.092593
1 0.866036 0.756345 0.052083 0.092593
1 0.139312 0.033927 0.052083 0.092593
1 0.817196 0.810242 0.052083 0.092593
1 0.926529 0.569104 0.052083 0.092593
4 0.654331 0.423644 0.052083 0.092593
4 0.709295 0.46807 0.052083 0.092593
4 0.680223 0.455891 0.052083 0.092593
1 0.142036 0.556813 0.052083 0.092593
38 0.509994 0.361969 0.052083 0.092593
38 0.294154 0.213149 0.052083 0.092593
37 0.596641 0.468256 0.041667 0.074074
37 0.870796 0.309401 0.041667 0.074074
37 0.940298 0.124359 0.041667 0.074074
36 0.070978 0.728403 0.028846 0.051282
36 0.953406 0.102939 0.028846 0.051282
36 0.175481 0.379077 0.028846 0.051282
36 0.501548 0.093802 0.028846 0.051282
36 0.522043 0.206213 0.028846 0.051282
36 0.313392 0.123513 0.028846 0.051282
36 0.367423 0.100521 0.028846 0.051282
36 0.352072 0.107217 0.028846 0.051282
36 0.164785 0.292376 0.028846 0.051282
36 0.375001 0.019849 0.028846 0.051282
36 0.312658 0.119035 0.028846 0.051282
36 0.270266 0.100587 0.028846 0.051282
36 0.728656 0.310171 0.028846 0.051282
36 0.713324 0.394908 0.028846 0.051282
36 0.709927 0.281235 0.028846 0.051282
36 0.729574 0.364772 0.028846 0.051282
36 0.967697 0.147732 0.028846 0.051282
36 0.827081 0.426677 0.028846 0.051282
36 0.963665 0.159914 0.028846 0.051282
36 0.735156 0.179926 0.028846 0.051282
36 0.727819 0.153033 0.028846 0.051282
36 0.680662 0.114864 0.028846 0.051282
36 0.656214 0.05166 0.028846 0.051282
36 0.601296 0.05781 0.028846 0.051282
36 0.456191 0.339938 0.028846 0.051282
36 0.46618 0.27913 0.028846 0.051282
36 0.24239 0.02354 0.028846 0.051282
36 0.228229 0.095318 0.028846 0.051282
36 0.200393 0.420377 0.028846 0.051282
36 0.193432 0.438279 0.028846 0.051282
36 0.182989 0.372745 0.028846 0.051282
36 0.170502 0.392344 0.028846 0.051282
36 0.270498 0.445526 0.028846 0.051282
36 0.40572 0.521106 0.028846 0.051282
