0 0.5 0.49 0.078125 0.138889
14 0.726459 0.063568 0.0625 0.111111
6 0.332072 0.006549 0.117188 0.208333
6 0.683455 0.351967 0.117188 0.208333
1 0.70189 0.367381 0.052083 0.092593
1 0.709349 0.407051 0.052083 0.092593
1 0.811118 0.133495 0.052083 0.092593
1 0.150739 0.186281 0.052083 0.092593
16 0.821318 0.563308 0.078125 0.138889
16 0.012299 0.208155 0.078125 0.138889
16 0.818233 0.676663 0.078125 0.138889
14 0.136658 0.628391 0.0625 0.111111
14 0.81422 0.071247 0.0625 0.111111
14 0.850406 0.764008 0.0625 0.111111
14 0.353829 0.794562 0.0625 0.111111
14 0.720003 0.022863 0.0625 0.111111
14 0.065598 0.43938 0.0625 0.111111
13 0.083285 0.004583 0.0625 0.111111
13 0.171263 0.121481 0.0625 0.111111
1 0.079042 0.853574 0.052083 0.092593
35 0.050957 0.640355 0.083705 0.14881
38 0.523433 0.455213 0.052083 0.092593
37 0.271074 0.345092 0.041667 0.074074
37 0.435512 0.311881 0.041667 0.074074
36 0.893989 0.488919 0.028846 0.051282
36 0.240897 0.557931 0.028846 0.051282
36 0.151322 0.693802 0.028846 0.051282
36 0.042874 0.533384 0.028846 0.051282
36 0.796695 0.0266 0.028846 0.051282
36 0.924812 0.499545 0.028846 0.051282
36 0.940696 0.281661 0.028846 0.051282
36 0.105734 0.053449 0.028846 0.051282
36 0.000404 0.298398 0.028846 0.051282
36 0.960324 0.637082 0.028846 0.051282
36 0.955105 0.018679 0.028846 0.051282
36 0.830301 0.340682 0.028846 0.051282
36 0.45349 0.249468 0.028846 0.051282
36 0.838454 0.349151 0.028846 0.051282
36 0.358401 0.172063 0.028846 0.051282
36 0.370686 0.256895 0.028846 0.051282
36 0.365321 0.642583 0.028846 0.051282
36 0.280756 0.638825 0.028846 0.051282
36 0.433051 0.210763 0.028846 0.051282
36 0.222503 0.478128 0.028846 0.051282
36 0.568096 0.212466 0.028846 0.051282
