0 0.5 0.49 0.078125 0.138889
17 0.746928 0.871985 0.0625 0.111111
1 0.762624 0.004812 0.052083 0.092593
1 0.224627 0.980017 0.052083 0.092593
1 0.530556 0.984908 0.052083 0.092593
17 0.177134 0.326373 0.0625 0.111111
1 0.868001 0.601583 0.052083 0.092593
17 0.127554 0.407398 0.0625 0.111111
1 0.87052 0.339268 0.052083 0.092593
17 0.202682 0.184433 0.0625 0.111111
16 0.380919 0.892867 0.078125 0.138889
38 0.355921 0.137696 0.052083 0.092593
37 0.173987 0.234175 0.041667 0.074074
37 0.236478 0.644555 0.041667 0.074074
38 0.409004 0.90618 0.052083 0.092593
37 0.016361 0.979818 0.041667 0.074074
38 0.234823 0.396007 0.052083 0.092593
37 0.501395 0.664681 0.041667 0.074074
37 0.497625 0.276645 0.041667 0.074074
37 0.50693 0.299353 0.041667 0.074074
36 0.859393 0.788382 0.028846 0.051282
36 0.736233 0.204208 0.028846 0.051282
36 0.078001 0.084721 0.028846 0.051282
36 0.206302 0.857394 0.028846 0.051282
36 0.116727 0.993264 0.028846 0.051282
36 0.008279 0.832846 0.028846 0.051282
36 0.175665 0.24988 0.028846 0.051282
36 0.7621 0.326062 0.028846 0.051282
36 0.755873 0.276544 0.028846 0.051282
36 0.890217 0.799007 0.028846 0.051282
36 0.677156 0.133213 0.028846 0.051282
36 0.9061 0.581123 0.028846 0.051282
36 0.871798 0.272175 0.028846 0.051282
36 0.111631 0.16298 0.028846 0.051282
36 0.271774 0.129109 0.028846 0.051282
36 0.036061 0.141739 0.028846 0.051282
36 0.292903 0.079118 0.028846 0.051282
36 0.071139 0.352911 0.028846 0.051282
36 0.160393 0.031809 0.028846 0.051282
36 0.560573 0.011991 0.028846 0.051282
36 0.083146 0.227295 0.028846 0.051282
36 0.081144 0.181681 0.028846 0.051282
36 0.105895 0.228428 0.028846 0.051282
36 0.615685 0.039048 0.028846 0.051282
36 0.336755 0.209047 0.028846 0.051282
36 0.605143 0.124698 0.028846 0.051282
36 0.692424 0.193702 0.028846 0.051282
36 0.656696 0.183203 0.028846 0.051282
36 0.649055 0.121192 0.028846 0.051282
36 0.632112 0.095752 0.028846 0.051282
36 0.925728 0.936544 0.028846 0.051282
36 0.920509 0.318141 0.028846 0.051282
36 0.795705 0.640144 0.028846 0.051282
36 0.803859 0.648613 0.028846 0.051282
36 0.575684 0.224107 0.028846 0.051282
36 0.330726 0.942046 0.028846 0.051282
36 0.24616 0.938287 0.028846 0.051282
36 0.187907 0.777591 0.028846 0.051282
36 0.623978 0.647613 0.028846 0.051282
36 0.656001 0.625107 0.028846 0.051282
36 0.652469 0.626235 0.028846 0.051282
36 0.231556 0.263948 0.028846 0.051282
36 0.595373 0.355756 0.028846 0.051282
36 0.639919 0.514576 0.028846 0.051282
