0 0.291763 0.49 0.078125 0.138889
2 0.593228 0.776392 0.052083 0.092593
2 0.598217 0.813594 0.052083 0.092593
2 0.507543 0.848476 0.052083 0.092593
2 0.623474 0.590745 0.052083 0.092593
2 0.686714 0.976175 0.052083 0.092593
2 0.433499 0.839792 0.052083 0.092593
2 0.687549 0.747356 0.052083 0.092593
12 0.788137 0.560062 0.052083 0.092593
2 0.17365 0.890795 0.052083 0.092593
2 0.965712 0.190917 0.052083 0.092593
2 0.13488 0.988402 0.052083 0.092593
2 0.862337 0.180563 0.052083 0.092593
5 0.831463 0.773981 0.0625 0.111111
5 0.256105 0.805411 0.0625 0.111111
36 0.081378 0.990239 0.028846 0.051282
36 0.449383 0.315009 0.028846 0.051282
36 0.445879 0.341279 0.028846 0.051282
36 0.174099 0.219945 0.028846 0.051282
36 0.121796 0.121332 0.028846 0.051282
36 0.458261 0.400777 0.028846 0.051282
36 0.589497 0.455322 0.028846 0.051282
36 0.305193 0.852106 0.028846 0.051282
36 0.5473 0.360835 0.028846 0.051282
36 0.408569 0.987385 0.028846 0.051282
36 0.47778 0.905175 0.028846 0.051282
36 0.272808 0.147649 0.028846 0.051282
36 0.649608 0.142433 0.028846 0.051282
36 0.290072 0.225877 0.028846 0.051282
36 0.521429 0.34429 0.028846 0.051282
36 0.628218 0.250384 0.028846 0.051282
