0 0.5 0.537917 0.078125 0.138889
6 0.852605 0.147888 0.117188 0.208333
25 0.462132 0.24596 0.072917 0.12963
25 0.506323 0.250987 0.072917 0.12963
6 0.73527 0.366119 0.117188 0.208333
14 0.674964 0.544023 0.0625 0.111111
14 0.505962 0.155264 0.0625 0.111111
14 0.245441 0.075817 0.0625 0.111111
14 0.65158 0.432133 0.0625 0.111111
1 0.811809 0.549447 0.052083 0.092593
1 0.801991 0.470781 0.052083 0.092593
1 0.843953 0.279539 0.052083 0.092593
3 0.640408 0.083479 0.052083 0.092593
14 0.695264 0.207319 0.0625 0.111111
14 0.905226 0.754526 0.0625 0.111111
14 0.769447 0.362923 0.0625 0.111111
14 0.044203 0.667119 0.0625 0.111111
14 0.606679 0.261814 0.0625 0.111111
14 0.064078 0.312261 0.0625 0.111111
38 0.274137 0.51162 0.052083 0.092593
37 0.509003 0.257016 0.041667 0.074074
37 0.835846 0.45615 0.041667 0.074074
36 0.91871 0.009869 0.028846 0.051282
36 0.834356 0.74406 0.028846 0.051282
36 0.814059 0.699357 0.028846 0.051282
36 0.164619 0.60099 0.028846 0.051282
36 0.268595 0.785591 0.028846 0.051282
36 0.177892 0.803142 0.028846 0.051282
36 0.383199 0.762068 0.028846 0.051282
36 0.251556 0.814511 0.028846 0.051282
36 0.483595 0.784532 0.028846 0.051282
36 0.566814 0.771023 0.028846 0.051282
36 0.797045 0.708563 0.028846 0.051282
36 0.860136 0.579868 0.028846 0.051282
36 0.84095 0.567278 0.028846 0.051282
36 0.741195 0.522904 0.028846 0.051282
36 0.497463 0.29688 0.028846 0.051282
36 0.518891 0.307587 0.028846 0.051282
36 0.536585 0.322361 0.028846 0.051282
36 0.593815 0.293403 0.028846 0.051282
36 0.592309 0.483478 0.028846 0.051282
36 0.504928 0.276816 0.028846 0.051282
36 0.536587 0.332734 0.028846 0.051282
36 0.295735 0.548539 0.028846 0.051282
36 0.285751 0.770544 0.028846 0.051282
36 0.588768 0.472829 0.028846 0.051282
36 0.581613 0.418001 0.028846 0.051282
36 0.57755 0.431788 0.028846 0.051282
