0 0.418486 0.49 0.078125 0.138889
25 0.533012 0.192229 0.072917 0.12963
1 0.313877 0.217333 0.052083 0.092593
1 0.501893 0.115023 0.052083 0.092593
1 0.50499 0.238269 0.052083 0.092593
1 0.431935 0.089006 0.052083 0.092593
1 0.48134 0.164965 0.052083 0.092593
1 0.405645 0.112656 0.052083 0.092593
1 0.475431 0.113859 0.052083 0.092593
37 0.652584 0.084402 0.041667 0.074074
38 0.288127 0.269151 0.052083 0.092593
38 0.350812 0.458731 0.052083 0.092593
37 0.354392 0.174387 0.041667 0.074074
36 0.047545 0.559703 0.028846 0.051282
36 0.10845 0.999751 0.028846 0.051282
36 0.961803 0.442378 0.028846 0.051282
36 0.137134 0.121724 0.028846 0.051282
36 0.792328 0.761779 0.028846 0.051282
36 0.881583 0.940726 0.028846 0.051282
36 0.112555 0.475698 0.028846 0.051282
36 0.838951 0.666968 0.028846 0.051282
36 0.471967 0.098178 0.028846 0.051282
36 0.296105 0.501271 0.028846 0.051282
36 0.186886 0.61728 0.028846 0.051282
36 0.118161 0.592068 0.028846 0.051282
36 0.832949 0.675334 0.028846 0.051282
36 0.315443 0.670989 0.028846 0.051282
36 0.313296 0.622836 0.028846 0.051282
36 0.865254 0.626268 0.028846 0.051282
36 0.241101 0.766018 0.028846 0.051282
36 0.223506 0.802975 0.028846 0.051282
36 0.587724 0.111675 0.028846 0.051282
36 0.343244 0.372218 0.028846 0.051282
36 0.827631 0.69049 0.028846 0.051282
36 0.647871 0.039837 0.028846 0.051282
36 0.345061 0.613165 0.028846 0.051282
36 0.338339 0.673594 0.028846 0.051282
36 0.764131 0.715139 0.028846 0.051282
36 0.399913 0.536422 0.028846 0.051282
36 0.347428 0.485041 0.028846 0.051282
36 0.470292 0.713578 0.028846 0.051282
36 0.462434 0.208152 0.028846 0.051282
36 0.386717 0.434676 0.028846 0.051282
36 0.58957 0.070193 0.028846 0.051282
