0 0.5 0.49 0.078125 0.138889
16 0.805066 0.449293 0.078125 0.138889
6 0.597572 0.088234 0.117188 0.208333
16 0.88436 0.331351 0.078125 0.138889
1 0.247131 0.353384 0.052083 0.092593
1 0.739604 0.105446 0.052083 0.092593
1 0.275116 0.286342 0.052083 0.092593
1 0.798924 0.501984 0.052083 0.092593
1 0.852001 0.214563 0.052083 0.092593
14 0.320345 0.056568 0.0625 0.111111
14 0.889803 0.124566 0.0625 0.111111
14 0.519526 0.898603 0.0625 0.111111
14 0.212186 0.351957 0.0625 0.111111
38 0.478838 0.137696 0.052083 0.092593
37 0.296904 0.234175 0.041667 0.074074
37 0.359395 0.644555 0.041667 0.074074
38 0.53192 0.90618 0.052083 0.092593
37 0.139278 0.979818 0.041667 0.074074
38 0.35774 0.396007 0.052083 0.092593
37 0.624312 0.664681 0.041667 0.074074
37 0.620541 0.276645 0.041667 0.074074
37 0.629847 0.299353 0.041667 0.074074
36 0.98231 0.788382 0.028846 0.051282
36 0.85915 0.204208 0.028846 0.051282
36 0.200918 0.084721 0.028846 0.051282
36 0.329218 0.857394 0.028846 0.051282
36 0.239643 0.993264 0.028846 0.051282
36 0.131195 0.832846 0.028846 0.051282
36 0.298581 0.24988 0.028846 0.051282
36 0.885016 0.326062 0.028846 0.051282
36 0.87879 0.276544 0.028846 0.051282
36 0.800073 0.133213 0.028846 0.051282
36 0.994715 0.272175 0.028846 0.051282
36 0.234548 0.16298 0.028846 0.051282
36 0.394691 0.129109 0.028846 0.051282
36 0.158977 0.141739 0.028846 0.051282
36 0.41582 0.079118 0.028846 0.051282
36 0.194055 0.352911 0.028846 0.051282
36 0.28331 0.031809 0.028846 0.051282
36 0.088725 0.59786 0.028846 0.051282
36 0.68349 0.011991 0.028846 0.051282
36 0.206063 0.227295 0.028846 0.051282
36 0.20406 0.181681 0.028846 0.051282
36 0.228812 0.228428 0.028846 0.051282
36 0.738601 0.039048 0.028846 0.051282
36 0.459672 0.209047 0.028846 0.051282
36 0.72806 0.124698 0.028846 0.051282
36 0.815341 0.193702 0.028846 0.051282
36 0.779613 0.183203 0.028846 0.051282
36 0.771972 0.121192 0.028846 0.051282
36 0.755028 0.095752 0.028846 0.051282
36 0.918622 0.640144 0.028846 0.051282
36 0.926775 0.648613 0.028846 0.051282
36 0.698601 0.224107 0.028846 0.051282
36 0.453642 0.942046 0.028846 0.051282
36 0.369077 0.938287 0.028846 0.051282
36 0.310824 0.777591 0.028846 0.051282
36 0.656417 0.511929 0.028846 0.051282
36 0.746895 0.647613 0.028846 0.051282
36 0.778917 0.625107 0.028846 0.051282
36 0.775386 0.626235 0.028846 0.051282
36 0.354473 0.263948 0.028846 0.051282
36 0.71829 0.355756 0.028846 0.051282
