0 0.5 0.49 0.078125 0.138889
17 0.893791 0.239894 0.0625 0.111111
17 0.169463 0.80813 0.0625 0.111111
17 0.15137 0.380529 0.0625 0.111111
17 0.27933 0.858606 0.0625 0.111111
17 0.168117 0.25457 0.0625 0.111111
15 0.212974 0.643502 0.078125 0.138889
1 0.132276 0.449717 0.052083 0.092593
1 0.123818 0.125293 0.052083 0.092593
1 0.190361 0.95262 0.052083 0.092593
25 0.850042 0.497971 0.072917 0.12963
1 0.516075 0.024857 0.052083 0.092593
1 0.440311 0.089044 0.052083 0.092593
1 0.536575 0.051718 0.052083 0.092593
17 0.388088 0.548095 0.0625 0.111111
1 0.558246 0.027271 0.052083 0.092593
17 0.333839 0.436598 0.0625 0.111111
1 0.41989 0.108494 0.052083 0.092593
17 0.342371 0.513842 0.0625 0.111111
1 0.579888 0.000196 0.052083 0.092593
37 0.61331 0.13469 0.041667 0.074074
38 0.248853 0.319439 0.052083 0.092593
37 0.675399 0.034938 0.041667 0.074074
37 0.361225 0.027194 0.041667 0.074074
38 0.311537 0.509019 0.052083 0.092593
37 0.315117 0.224675 0.041667 0.074074
36 0.008271 0.609991 0.028846 0.051282
36 0.922528 0.492666 0.028846 0.051282
36 0.365261 0.041587 0.028846 0.051282
36 0.097859 0.172012 0.028846 0.051282
36 0.753054 0.812067 0.028846 0.051282
36 0.35554 0.028214 0.028846 0.051282
36 0.842308 0.991014 0.028846 0.051282
36 0.07328 0.525986 0.028846 0.051282
36 0.515712 0.034889 0.028846 0.051282
36 0.799676 0.717256 0.028846 0.051282
36 0.457981 0.004695 0.028846 0.051282
36 0.432692 0.148467 0.028846 0.051282
36 0.256831 0.551559 0.028846 0.051282
36 0.147612 0.667568 0.028846 0.051282
36 0.078886 0.642356 0.028846 0.051282
36 0.793675 0.725622 0.028846 0.051282
36 0.978863 0.02576 0.028846 0.051282
36 0.276169 0.721277 0.028846 0.051282
36 0.274022 0.673124 0.028846 0.051282
36 0.82598 0.676556 0.028846 0.051282
36 0.201826 0.816306 0.028846 0.051282
36 0.184231 0.853263 0.028846 0.051282
36 0.548449 0.161963 0.028846 0.051282
36 0.473259 0.014722 0.028846 0.051282
36 0.297111 0.412557 0.028846 0.051282
36 0.788357 0.740778 0.028846 0.051282
36 0.608596 0.090125 0.028846 0.051282
36 0.302521 0.668536 0.028846 0.051282
36 0.324169 0.56686 0.028846 0.051282
36 0.299064 0.723882 0.028846 0.051282
36 0.724857 0.765428 0.028846 0.051282
36 0.329371 0.644985 0.028846 0.051282
36 0.284746 0.535957 0.028846 0.051282
36 0.431018 0.763866 0.028846 0.051282
36 0.42316 0.258441 0.028846 0.051282
36 0.307914 0.447238 0.028846 0.051282
36 0.525733 0.762774 0.028846 0.051282
36 0.435974 0.585502 0.028846 0.051282
36 0.362368 0.604827 0.028846 0.051282
