0 0.280602 0.49 0.078125 0.138889
17 0.653508 0.774708 0.0625 0.111111
2 0.666548 0.737939 0.052083 0.092593
2 0.625474 0.646155 0.052083 0.092593
2 0.664344 0.654689 0.052083 0.092593
2 0.675568 0.773624 0.052083 0.092593
2 0.640207 0.676328 0.052083 0.092593
2 0.723516 0.76863 0.052083 0.092593
2 0.736937 0.800749 0.052083 0.092593
1 0.632296 0.743832 0.052083 0.092593
1 0.688564 0.625536 0.052083 0.092593
1 0.654758 0.622181 0.052083 0.092593
1 0.607623 0.808894 0.052083 0.092593
1 0.712093 0.611915 0.052083 0.092593
1 0.724087 0.576024 0.052083 0.092593
1 0.720885 0.654181 0.052083 0.092593
15 0.771511 0.759078 0.078125 0.138889
15 0.827477 0.676852 0.078125 0.138889
15 0.805013 0.685336 0.078125 0.138889
15 0.83704 0.878114 0.078125 0.138889
15 0.766042 0.882906 0.078125 0.138889
37 0.333245 0.25686 0.041667 0.074074
37 0.207235 0.141367 0.041667 0.074074
37 0.856055 0.343232 0.041667 0.074074
37 0.40434 0.522411 0.041667 0.074074
37 0.424801 0.574481 0.041667 0.074074
37 0.194356 0.185474 0.041667 0.074074
37 0.056753 0.204503 0.041667 0.074074
37 0.789467 0.367302 0.041667 0.074074
37 0.678408 0.617648 0.041667 0.074074
37 0.225136 0.125627 0.041667 0.074074
37 0.763701 0.11352 0.041667 0.074074
37 0.603594 0.287642 0.041667 0.074074
37 0.357895 0.55716 0.041667 0.074074
37 0.576777 0.919233 0.041667 0.074074
36 0.197584 0.11534 0.028846 0.051282
36 0.467019 0.05528 0.028846 0.051282
36 0.327517 0.045406 0.028846 0.051282
36 0.997013 0.168329 0.028846 0.051282
36 0.888002 0.074798 0.028846 0.051282
36 0.932623 0.758156 0.028846 0.051282
36 0.277507 0.07076 0.028846 0.051282
36 0.16409 0.267029 0.028846 0.051282
36 0.599361 0.290495 0.028846 0.051282
36 0.560059 0.315994 0.028846 0.051282
36 0.552567 0.310078 0.028846 0.051282
36 0.743187 0.344645 0.028846 0.051282
36 0.41722 0.362829 0.028846 0.051282
36 0.459264 0.282287 0.028846 0.051282
36 0.718909 0.555158 0.028846 0.051282
36 0.772828 0.518967 0.028846 0.051282
36 0.29617 0.38106 0.028846 0.051282
36 0.293982 0.304529 0.028846 0.051282
36 0.532993 0.533108 0.028846 0.051282
36 0.438013 0.592257 0.028846 0.051282
36 0.714664 0.466514 0.028846 0.051282
36 0.59546 0.405859 0.028846 0.051282
36 0.687466 0.41157 0.028846 0.051282
36 0.688791 0.274791 0.028846 0.051282
36 0.721562 0.33166 0.028846 0.051282
36 0.543153 0.312775 0.028846 0.051282
36 0.576631 0.260099 0.028846 0.051282
36 0.499913 0.55541 0.028846 0.051282
36 0.562355 0.357331 0.028846 0.051282
36 0.579612 0.269188 0.028846 0.051282
36 0.568785 0.352553 0.028846 0.051282
36 0.50983 0.339025 0.028846 0.051282
36 0.344608 0.324475 0.028846 0.051282
