0 0.651751 0.49 0.078125 0.138889
6 0.251884 0.264531 0.117188 0.208333
6 0.569977 0.801158 0.117188 0.208333
6 0.588752 0.51829 0.117188 0.208333
1 0.494457 0.771414 0.052083 0.092593
6 0.377495 0.505062 0.117188 0.208333
1 0.470288 0.771256 0.052083 0.092593
1 0.441692 0.902682 0.052083 0.092593
1 0.434383 0.828639 0.052083 0.092593
1 0.425505 0.790228 0.052083 0.092593
1 0.446378 0.767271 0.052083 0.092593
1 0.453948 0.856898 0.052083 0.092593
1 0.41757 0.900336 0.052083 0.092593
1 0.409558 0.860952 0.052083 0.092593
1 0.374286 0.907622 0.052083 0.092593
14 0.402591 0.758059 0.0625 0.111111
2 0.432139 0.864642 0.052083 0.092593
1 0.4777 0.85192 0.052083 0.092593
1 0.473792 0.715955 0.052083 0.092593
1 0.457332 0.813284 0.052083 0.092593
6 0.027425 0.808315 0.117188 0.208333
6 0.05864 0.594887 0.117188 0.208333
1 0.513233 0.907168 0.052083 0.092593
1 0.500901 0.858697 0.052083 0.092593
1 0.577434 0.848249 0.052083 0.092593
1 0.50506 0.815361 0.052083 0.092593
1 0.549717 0.849441 0.052083 0.092593
1 0.481487 0.808783 0.052083 0.092593
1 0.486027 0.894009 0.052083 0.092593
1 0.523749 0.867716 0.052083 0.092593
4 0.38419 0.856182 0.052083 0.092593
2 0.49462 0.926931 0.052083 0.092593
1 0.58445 0.755712 0.052083 0.092593
1 0.529138 0.816848 0.052083 0.092593
4 0.538141 0.716572 0.052083 0.092593
4 0.562218 0.736687 0.052083 0.092593
4 0.645848 0.823054 0.052083 0.092593
2 0.532882 0.918239 0.052083 0.092593
2 0.463675 0.88884 0.052083 0.092593
6 0.63493 0.172209 0.117188 0.208333
1 0.407042 0.819435 0.052083 0.092593
1 0.330006 0.689407 0.052083 0.092593
4 0.552869 0.895399 0.052083 0.092593
4 0.514509 0.952649 0.052083 0.092593
4 0.461999 0.950437 0.052083 0.092593
1 0.448974 0.719751 0.052083 0.092593
1 0.55852 0.670478 0.052083 0.092593
1 0.407987 0.490913 0.052083 0.092593
1 0.360029 0.632066 0.052083 0.092593
1 0.354639 0.885575 0.052083 0.092593
2 0.379935 0.772491 0.052083 0.092593
2 0.34997 0.491433 0.052083 0.092593
2 0.402179 0.927016 0.052083 0.092593
2 0.395509 0.890174 0.052083 0.092593
2 0.384451 0.80922 0.052083 0.092593
1 0.601255 0.29273 0.052083 0.092593
1 0.119588 0.137541 0.052083 0.092593
1 0.153718 0.399698 0.052083 0.092593
1 0.729165 0.339304 0.052083 0.092593
1 0.363377 0.963507 0.052083 0.092593
1 0.59457 0.241604 0.052083 0.092593
1 0.177711 0.132943 0.052083 0.092593
14 0.707412 0.695405 0.0625 0.111111
14 0.321973 0.96227 0.0625 0.111111
14 0.779058 0.353837 0.0625 0.111111
14 0.664999 0.19792 0.0625 0.111111
4 0.523966 0.367894 0.052083 0.092593
4 0.541571 0.400418 0.052083 0.092593
4 0.55038 0.289805 0.052083 0.092593
4 0.56106 0.330748 0.052083 0.092593
6 0.295414 0.392564 0.117188 0.208333
6 0.255163 0.330265 0.117188 0.208333
6 0.246668 0.665296 0.117188 0.208333
6 0.085053 0.597092 0.117188 0.208333
1 0.073867 0.491225 0.052083 0.092593
1 0.049909 0.639708 0.052083 0.092593
1 0.533945 0.11371 0.052083 0.092593
1 0.052032 0.697641 0.052083 0.092593
2 0.416391 0.128088 0.052083 0.092593
2 0.425558 0.232467 0.052083 0.092593
2 0.456668 0.61401 0.052083 0.092593
2 0.282793 0.058863 0.052083 0.092593
2 0.828691 0.925188 0.052083 0.092593
2 0.837229 0.06611 0.052083 0.092593
2 0.709895 0.84554 0.052083 0.092593
2 0.448242 0.256939 0.052083 0.092593
2 0.828918 0.104169 0.052083 0.092593
1 0.885527 0.443394 0.052083 0.092593
1 0.91299 0.088616 0.052083 0.092593
38 0.38939 0.656088 0.052083 0.092593
38 0.17355 0.507268 0.052083 0.092593
37 0.476037 0.762374 0.041667 0.074074
37 0.750192 0.60352 0.041667 0.074074
37 0.819695 0.418477 0.041667 0.074074
36 0.832802 0.397057 0.028846 0.051282
36 0.054877 0.673196 0.028846 0.051282
36 0.380944 0.38792 0.028846 0.051282
36 0.40144 0.500331 0.028846 0.051282
36 0.192788 0.417631 0.028846 0.051282
36 0.246819 0.394639 0.028846 0.051282
36 0.231468 0.401335 0.028846 0.051282
36 0.044181 0.586494 0.028846 0.051282
36 0.254398 0.313967 0.028846 0.051282
36 0.192054 0.413154 0.028846 0.051282
36 0.149662 0.394705 0.028846 0.051282
36 0.306888 0.173478 0.028846 0.051282
36 0.847093 0.44185 0.028846 0.051282
36 0.8856 0.593452 0.028846 0.051282
36 0.843061 0.454032 0.028846 0.051282
36 0.560058 0.408982 0.028846 0.051282
36 0.535611 0.345778 0.028846 0.051282
36 0.480692 0.351928 0.028846 0.051282
36 0.393069 0.247495 0.028846 0.051282
36 0.380817 0.239647 0.028846 0.051282
36 0.370328 0.212665 0.028846 0.051282
36 0.517969 0.243888 0.028846 0.051282
36 0.519391 0.060042 0.028846 0.051282
36 0.432024 0.246656 0.028846 0.051282
36 0.332023 0.180509 0.028846 0.051282
36 0.413646 0.167164 0.028846 0.051282
36 0.345207 0.196391 0.028846 0.051282
36 0.262048 0.274607 0.028846 0.051282
36 0.335587 0.634057 0.028846 0.051282
36 0.345576 0.573248 0.028846 0.051282
36 0.065614 0.086997 0.028846 0.051282
36 0.121786 0.317658 0.028846 0.051282
36 0.107625 0.389437 0.028846 0.051282
36 0.079789 0.714496 0.028846 0.051282
36 0.072828 0.732398 0.028846 0.051282
36 0.062385 0.666863 0.028846 0.051282
36 0.049899 0.686462 0.028846 0.051282
36 0.149894 0.739645 0.028846 0.051282
36 0.285116 0.815224 0.028846 0.051282
36 0.674985 0.879768 0.028846 0.051282
36 0.69626 0.913216 0.028846 0.051282
36 0.657905 0.834385 0.028846 0.051282
36 0.59045 0.437452 0.028846 0.051282
36 0.575635 0.496592 0.028846 0.051282
36 0.611383 0.453686 0.028846 0.051282
