0 0.5 0.49 0.078125 0.138889
1 0.168501 0.373019 0.052083 0.092593
1 0.127114 0.295278 0.052083 0.092593
1 0.131493 0.439299 0.052083 0.092593
17 0.230699 0.675612 0.0625 0.111111
17 0.060066 0.525385 0.0625 0.111111
2 0.160079 0.673207 0.052083 0.092593
2 0.154915 0.886998 0.052083 0.092593
2 0.126961 0.748496 0.052083 0.092593
2 0.222706 0.800859 0.052083 0.092593
1 0.07267 0.959886 0.052083 0.092593
1 0.214535 0.66429 0.052083 0.092593
1 0.21365 0.769903 0.052083 0.092593
1 0.072156 0.686718 0.052083 0.092593
1 0.083372 0.76886 0.052083 0.092593
15 0.003291 0.922094 0.078125 0.138889
15 0.079654 0.908793 0.078125 0.138889
15 0.06069 0.841305 0.078125 0.138889
37 0.080138 0.141581 0.041667 0.074074
37 0.728957 0.343446 0.041667 0.074074
37 0.277243 0.522625 0.041667 0.074074
37 0.297704 0.574695 0.041667 0.074074
37 0.067259 0.185688 0.041667 0.074074
37 0.997331 0.606747 0.041667 0.074074
37 0.662369 0.367517 0.041667 0.074074
37 0.55131 0.617862 0.041667 0.074074
37 0.098038 0.125841 0.041667 0.074074
37 0.636603 0.113734 0.041667 0.074074
37 0.476497 0.287857 0.041667 0.074074
37 0.230797 0.557375 0.041667 0.074074
37 0.449679 0.919447 0.041667 0.074074
37 0.496264 0.597797 0.041667 0.074074
36 0.070487 0.115555 0.028846 0.051282
36 0.339921 0.055495 0.028846 0.051282
36 0.20042 0.045621 0.028846 0.051282
36 0.9057 0.307997 0.028846 0.051282
36 0.869915 0.168544 0.028846 0.051282
36 0.899531 0.129321 0.028846 0.051282
36 0.760905 0.075013 0.028846 0.051282
36 0.969675 0.521449 0.028846 0.051282
36 0.952911 0.632929 0.028846 0.051282
36 0.805525 0.758371 0.028846 0.051282
36 0.150409 0.070974 0.028846 0.051282
36 0.036993 0.267244 0.028846 0.051282
36 0.472264 0.29071 0.028846 0.051282
36 0.432962 0.316209 0.028846 0.051282
36 0.42547 0.310293 0.028846 0.051282
36 0.310916 0.592471 0.028846 0.051282
36 0.449533 0.260313 0.028846 0.051282
36 0.452515 0.269403 0.028846 0.051282
36 0.512983 0.514516 0.028846 0.051282
36 0.461236 0.325521 0.028846 0.051282
36 0.744405 0.455679 0.028846 0.051282
36 0.2213 0.488807 0.028846 0.051282
36 0.169364 0.487038 0.028846 0.051282
36 0.152032 0.257346 0.028846 0.051282
36 0.289887 0.500932 0.028846 0.051282
36 0.273826 0.368909 0.028846 0.051282
36 0.215266 0.527843 0.028846 0.051282
36 0.189999 0.656069 0.028846 0.051282
36 0.169561 0.507113 0.028846 0.051282
