0 0.481452 0.628957 0.078125 0.138889
1 0.527363 0.262118 0.052083 0.092593
1 0.54386 0.292438 0.052083 0.092593
1 0.494713 0.286117 0.052083 0.092593
1 0.627019 0.267521 0.052083 0.092593
1 0.722813 0.48402 0.052083 0.092593
14 0.433722 0.004102 0.0625 0.111111
16 0.915457 0.59615 0.078125 0.138889
16 0.885209 0.045625 0.078125 0.138889
6 0.823435 0.182615 0.117188 0.208333
17 0.469763 0.054341 0.0625 0.111111
17 0.394226 0.179172 0.0625 0.111111
6 0.649336 0.040797 0.117188 0.208333
1 0.914718 0.769898 0.052083 0.092593
14 0.904836 0.696664 0.0625 0.111111
14 0.617319 0.156314 0.0625 0.111111
14 0.758206 0.002078 0.0625 0.111111
14 0.649773 0.48463 0.0625 0.111111
17 0.270658 0.592313 0.0625 0.111111
17 0.234878 0.694644 0.0625 0.111111
17 0.227718 0.673058 0.0625 0.111111
37 0.380653 0.33337 0.041667 0.074074
38 0.553179 0.594996 0.052083 0.092593
37 0.160537 0.668633 0.041667 0.074074
38 0.378999 0.084822 0.052083 0.092593
37 0.645571 0.353497 0.041667 0.074074
36 0.260902 0.68208 0.028846 0.051282
36 0.152454 0.521662 0.028846 0.051282
36 0.109984 0.286676 0.028846 0.051282
36 0.939881 0.32896 0.028846 0.051282
36 0.948034 0.337429 0.028846 0.051282
36 0.857269 0.489485 0.028846 0.051282
36 0.858741 0.317929 0.028846 0.051282
36 0.840073 0.535811 0.028846 0.051282
36 0.799352 0.600038 0.028846 0.051282
36 0.783989 0.147121 0.028846 0.051282
36 0.814602 0.274582 0.028846 0.051282
36 0.746195 0.327383 0.028846 0.051282
36 0.540091 0.257175 0.028846 0.051282
36 0.594835 0.277172 0.028846 0.051282
36 0.639372 0.197787 0.028846 0.051282
36 0.609206 0.507772 0.028846 0.051282
36 0.591051 0.170109 0.028846 0.051282
36 0.550685 0.495088 0.028846 0.051282
36 0.509353 0.18914 0.028846 0.051282
36 0.499548 0.382429 0.028846 0.051282
36 0.574263 0.451901 0.028846 0.051282
36 0.316449 0.132777 0.028846 0.051282
36 0.130606 0.430046 0.028846 0.051282
36 0.065264 0.452453 0.028846 0.051282
36 0.335005 0.091594 0.028846 0.051282
36 0.348522 0.132292 0.028846 0.051282
36 0.359645 0.213324 0.028846 0.051282
36 0.103184 0.102301 0.028846 0.051282
36 0.138119 0.142697 0.028846 0.051282
36 0.171803 0.11264 0.028846 0.051282
36 0.165639 0.373036 0.028846 0.051282
36 0.06231 0.093861 0.028846 0.051282
36 0.587777 0.525937 0.028846 0.051282
