0 0.5 0.49 0.078125 0.138889
17 0.229852 0.182413 0.0625 0.111111
17 0.34855 0.806624 0.0625 0.111111
1 0.752892 0.433716 0.052083 0.092593
16 0.17258 0.290718 0.078125 0.138889
16 0.852773 0.404633 0.078125 0.138889
6 0.711402 0.753546 0.117188 0.208333
6 0.363493 0.901727 0.117188 0.208333
6 0.782348 0.524804 0.117188 0.208333
6 0.690956 0.021292 0.117188 0.208333
16 0.935281 0.295363 0.078125 0.138889
17 0.870024 0.980715 0.0625 0.111111
1 0.143348 0.290277 0.052083 0.092593
1 0.152324 0.178559 0.052083 0.092593
1 0.941007 0.504019 0.052083 0.092593
1 0.559791 0.005124 0.052083 0.092593
1 0.979566 0.110224 0.052083 0.092593
14 0.266838 0.043191 0.0625 0.111111
17 0.292428 0.174328 0.0625 0.111111
14 0.668466 0.026882 0.0625 0.111111
14 0.210394 0.331546 0.0625 0.111111
14 0.309444 0.285733 0.0625 0.111111
14 0.657782 0.581873 0.0625 0.111111
14 0.082374 0.30067 0.0625 0.111111
38 0.470643 0.137696 0.052083 0.092593
37 0.288709 0.234175 0.041667 0.074074
37 0.3512 0.644555 0.041667 0.074074
38 0.523726 0.90618 0.052083 0.092593
37 0.131084 0.979818 0.041667 0.074074
38 0.349546 0.396007 0.052083 0.092593
37 0.616118 0.664681 0.041667 0.074074
37 0.612347 0.276645 0.041667 0.074074
37 0.621652 0.299353 0.041667 0.074074
36 0.974116 0.788382 0.028846 0.051282
36 0.850956 0.204208 0.028846 0.051282
36 0.192723 0.084721 0.028846 0.051282
36 0.321024 0.857394 0.028846 0.051282
36 0.231449 0.993264 0.028846 0.051282
36 0.123001 0.832846 0.028846 0.051282
36 0.290387 0.24988 0.028846 0.051282
36 0.876822 0.326062 0.028846 0.051282
36 0.870596 0.276544 0.028846 0.051282
36 0.791879 0.133213 0.028846 0.051282
36 0.986521 0.272175 0.028846 0.051282
36 0.226353 0.16298 0.028846 0.051282
36 0.386496 0.129109 0.028846 0.051282
36 0.150783 0.141739 0.028846 0.051282
36 0.407625 0.079118 0.028846 0.051282
36 0.185861 0.352911 0.028846 0.051282
36 0.275116 0.031809 0.028846 0.051282
36 0.08053 0.59786 0.028846 0.051282
36 0.675295 0.011991 0.028846 0.051282
36 0.197868 0.227295 0.028846 0.051282
36 0.195866 0.181681 0.028846 0.051282
36 0.220617 0.228428 0.028846 0.051282
36 0.730407 0.039048 0.028846 0.051282
36 0.451478 0.209047 0.028846 0.051282
36 0.719865 0.124698 0.028846 0.051282
36 0.807146 0.193702 0.028846 0.051282
36 0.771418 0.183203 0.028846 0.051282
36 0.763777 0.121192 0.028846 0.051282
36 0.746834 0.095752 0.028846 0.051282
36 0.910427 0.640144 0.028846 0.051282
36 0.918581 0.648613 0.028846 0.051282
36 0.690406 0.224107 0.028846 0.051282
36 0.445448 0.942046 0.028846 0.051282
36 0.360883 0.938287 0.028846 0.051282
36 0.302629 0.777591 0.028846 0.051282
36 0.648223 0.511929 0.028846 0.051282
36 0.7387 0.647613 0.028846 0.051282
36 0.770723 0.625107 0.028846 0.051282
36 0.767192 0.626235 0.028846 0.051282
36 0.346279 0.263948 0.028846 0.051282
36 0.710095 0.355756 0.028846 0.051282
