0 0.542396 0.49 0.078125 0.138889
25 0.233081 0.262369 0.072917 0.12963
3 0.126808 0.616148 0.052083 0.092593
3 0.317492 0.856716 0.052083 0.092593
14 0.258902 0.812638 0.0625 0.111111
14 0.30641 0.82961 0.0625 0.111111
14 0.181685 0.936793 0.0625 0.111111
14 0.066693 0.81618 0.0625 0.111111
14 0.024061 0.081877 0.0625 0.111111
14 0.054646 0.896689 0.0625 0.111111
8 0.219307 0.137788 0.055804 0.099206
8 0.241778 0.266232 0.055804 0.099206
8 0.260353 0.105645 0.055804 0.099206
8 0.223118 0.07246 0.055804 0.099206
1 0.83611 0.064221 0.052083 0.092593
1 0.87461 0.986676 0.052083 0.092593
37 0.488711 0.061399 0.041667 0.074074
38 0.176388 0.779681 0.052083 0.092593
36 0.301604 0.213904 0.028846 0.051282
36 0.731005 0.148371 0.028846 0.051282
36 0.820961 0.27793 0.028846 0.051282
36 0.809619 0.08114 0.028846 0.051282
36 0.511993 0.304166 0.028846 0.051282
36 0.33255 0.271205 0.028846 0.051282
36 0.330874 0.092593 0.028846 0.051282
36 0.595323 0.443213 0.028846 0.051282
36 0.524002 0.688008 0.028846 0.051282
36 0.494383 0.117124 0.028846 0.051282
36 0.374308 0.7822 0.028846 0.051282
36 0.394427 0.974435 0.028846 0.051282
36 0.014668 0.498396 0.028846 0.051282
36 0.308424 0.329114 0.028846 0.051282
36 0.32612 0.172171 0.028846 0.051282
36 0.245493 0.202889 0.028846 0.051282
36 0.21915 0.221919 0.028846 0.051282
36 0.206608 0.200095 0.028846 0.051282
36 0.258558 0.124992 0.028846 0.051282
36 0.28103 0.141192 0.028846 0.051282
36 0.423507 0.084323 0.028846 0.051282
36 0.493145 0.058397 0.028846 0.051282
36 0.117987 0.72368 0.028846 0.051282
36 0.167842 0.81304 0.028846 0.051282
36 0.2053 0.858162 0.028846 0.051282
36 0.261105 0.081041 0.028846 0.051282
36 0.254379 0.875837 0.028846 0.051282
36 0.118495 0.703138 0.028846 0.051282
36 0.162422 0.785913 0.028846 0.051282
36 0.370075 0.790079 0.028846 0.051282
36 0.311177 0.203695 0.028846 0.051282
36 0.647313 0.632686 0.028846 0.051282
36 0.454288 0.176845 0.028846 0.051282
36 0.685594 0.487362 0.028846 0.051282
36 0.456751 0.717017 0.028846 0.051282
36 0.700305 0.563655 0.028846 0.051282
36 0.6276 0.618836 0.028846 0.051282
36 0.585268 0.510935 0.028846 0.051282
36 0.55383 0.519638 0.028846 0.051282
36 0.536585 0.526783 0.028846 0.051282
36 0.539245 0.605806 0.028846 0.051282
36 0.516549 0.7067 0.028846 0.051282
36 0.241178 0.322213 0.028846 0.051282
