0 0.226174 0.49 0.078125 0.138889
1 0.747939 0.736942 0.052083 0.092593
17 0.952346 0.441 0.0625 0.111111
1 0.708832 0.510309 0.052083 0.092593
1 0.735098 0.771728 0.052083 0.092593
1 0.72668 0.569879 0.052083 0.092593
1 0.680117 0.468562 0.052083 0.092593
1 0.769216 0.795178 0.052083 0.092593
12 0.633153 0.424323 0.052083 0.092593
1 0.855997 0.541908 0.052083 0.092593
1 0.288533 0.89334 0.052083 0.092593
1 0.904368 0.641119 0.052083 0.092593
1 0.940438 0.93414 0.052083 0.092593
14 0.503054 0.071942 0.0625 0.111111
14 0.795009 0.921175 0.0625 0.111111
14 0.403842 0.67115 0.0625 0.111111
14 0.437274 0.670373 0.0625 0.111111
14 0.304542 0.956042 0.0625 0.111111
17 0.339223 0.557566 0.0625 0.111111
38 0.500096 0.272493 0.052083 0.092593
37 0.318163 0.368971 0.041667 0.074074
37 0.380653 0.779352 0.041667 0.074074
38 0.378999 0.530804 0.052083 0.092593
37 0.645571 0.799478 0.041667 0.074074
37 0.6418 0.411442 0.041667 0.074074
37 0.651105 0.43415 0.041667 0.074074
36 0.350477 0.992191 0.028846 0.051282
36 0.152454 0.967643 0.028846 0.051282
36 0.31984 0.384677 0.028846 0.051282
36 0.109984 0.732657 0.028846 0.051282
36 0.939881 0.774941 0.028846 0.051282
36 0.948034 0.78341 0.028846 0.051282
36 0.332082 0.912388 0.028846 0.051282
36 0.375732 0.398745 0.028846 0.051282
36 0.857269 0.935466 0.028846 0.051282
36 0.858741 0.76391 0.028846 0.051282
36 0.840073 0.981792 0.028846 0.051282
36 0.783989 0.593102 0.028846 0.051282
36 0.814602 0.720564 0.028846 0.051282
36 0.746195 0.773365 0.028846 0.051282
36 0.673952 0.423625 0.028846 0.051282
36 0.540091 0.703156 0.028846 0.051282
36 0.538131 0.030099 0.028846 0.051282
36 0.942366 0.08974 0.028846 0.051282
36 0.969043 0.030412 0.028846 0.051282
36 0.594835 0.723153 0.028846 0.051282
36 0.639372 0.643768 0.028846 0.051282
36 0.609206 0.953754 0.028846 0.051282
36 0.591051 0.61609 0.028846 0.051282
36 0.550685 0.94107 0.028846 0.051282
36 0.509353 0.635122 0.028846 0.051282
36 0.499548 0.828411 0.028846 0.051282
36 0.574263 0.897882 0.028846 0.051282
36 0.238595 0.520055 0.028846 0.051282
36 0.173166 0.666451 0.028846 0.051282
36 0.316449 0.578758 0.028846 0.051282
36 0.325416 0.805395 0.028846 0.051282
36 0.252958 0.063867 0.028846 0.051282
36 0.159714 0.616102 0.028846 0.051282
36 0.299898 0.271864 0.028846 0.051282
36 0.391533 0.335263 0.028846 0.051282
36 0.130606 0.876028 0.028846 0.051282
36 0.066436 0.895875 0.028846 0.051282
36 0.316275 0.513893 0.028846 0.051282
