0 0.68453 0.49 0.078125 0.138889
17 0.310501 0.661752 0.0625 0.111111
1 0.228357 0.219887 0.052083 0.092593
1 0.312326 0.366763 0.052083 0.092593
1 0.250355 0.523311 0.052083 0.092593
1 0.246029 0.274057 0.052083 0.092593
1 0.333937 0.624175 0.052083 0.092593
16 0.053327 0.510753 0.078125 0.138889
1 0.173382 0.889393 0.052083 0.092593
1 0.019484 0.304332 0.052083 0.092593
12 0.083832 0.583255 0.052083 0.092593
12 0.744927 0.85489 0.052083 0.092593
14 0.910002 0.383508 0.0625 0.111111
14 0.187241 0.970698 0.0625 0.111111
14 0.558338 0.641999 0.0625 0.111111
14 0.075293 0.838766 0.0625 0.111111
14 0.454873 0.565949 0.0625 0.111111
38 0.466346 0.569775 0.052083 0.092593
37 0.151496 0.049274 0.041667 0.074074
37 0.213987 0.459654 0.041667 0.074074
36 0.836902 0.603481 0.028846 0.051282
36 0.713742 0.019308 0.028846 0.051282
36 0.183811 0.672493 0.028846 0.051282
36 0.094235 0.808364 0.028846 0.051282
36 0.153173 0.06498 0.028846 0.051282
36 0.739608 0.141162 0.028846 0.051282
36 0.733382 0.091643 0.028846 0.051282
36 0.867726 0.614107 0.028846 0.051282
36 0.883609 0.396222 0.028846 0.051282
36 0.535856 0.63809 0.028846 0.051282
36 0.849307 0.087274 0.028846 0.051282
36 0.560021 0.527146 0.028846 0.051282
36 0.564995 0.574931 0.028846 0.051282
36 0.602072 0.704828 0.028846 0.051282
36 0.048647 0.168011 0.028846 0.051282
36 0.328351 0.63542 0.028846 0.051282
36 0.060655 0.042395 0.028846 0.051282
36 0.083404 0.043527 0.028846 0.051282
36 0.636802 0.614911 0.028846 0.051282
36 0.41271 0.467665 0.028846 0.051282
36 0.586777 0.50399 0.028846 0.051282
36 0.314264 0.024146 0.028846 0.051282
36 0.449497 0.472056 0.028846 0.051282
36 0.669933 0.008802 0.028846 0.051282
36 0.903237 0.751643 0.028846 0.051282
36 0.501608 0.408194 0.028846 0.051282
36 0.898018 0.133241 0.028846 0.051282
