0 0.367502 0.49 0.078125 0.138889
14 0.616081 0.758775 0.0625 0.111111
14 0.78131 0.57383 0.0625 0.111111
8 0.656708 0.445021 0.055804 0.099206
8 0.616007 0.465187 0.055804 0.099206
8 0.62543 0.451216 0.055804 0.099206
8 0.673331 0.305129 0.055804 0.099206
1 0.891716 0.037507 0.052083 0.092593
1 0.900689 0.827678 0.052083 0.092593
1 0.724701 0.850214 0.052083 0.092593
1 0.446535 0.777794 0.052083 0.092593
1 0.793116 0.92795 0.052083 0.092593
25 0.665077 0.196857 0.072917 0.12963
14 0.911348 0.102558 0.0625 0.111111
14 0.13199 0.999029 0.0625 0.111111
14 0.871487 0.167841 0.0625 0.111111
37 0.655378 0.015044 0.041667 0.074074
38 0.343055 0.733326 0.052083 0.092593
37 0.452563 0.793857 0.041667 0.074074
37 0.184089 0.013899 0.041667 0.074074
37 0.57792 0.478722 0.041667 0.074074
36 0.897671 0.102016 0.028846 0.051282
36 0.987628 0.231575 0.028846 0.051282
36 0.903273 0.965766 0.028846 0.051282
36 0.976286 0.034785 0.028846 0.051282
36 0.67866 0.257812 0.028846 0.051282
36 0.661049 0.07077 0.028846 0.051282
36 0.561093 0.92808 0.028846 0.051282
36 0.590174 0.037968 0.028846 0.051282
36 0.659811 0.012042 0.028846 0.051282
36 0.284654 0.677326 0.028846 0.051282
36 0.334509 0.766685 0.028846 0.051282
36 0.371967 0.811808 0.028846 0.051282
36 0.421046 0.829482 0.028846 0.051282
36 0.285162 0.656783 0.028846 0.051282
36 0.329088 0.739559 0.028846 0.051282
36 0.620954 0.130491 0.028846 0.051282
36 0.85226 0.441008 0.028846 0.051282
36 0.866972 0.5173 0.028846 0.051282
36 0.882976 0.921063 0.028846 0.051282
36 0.83818 0.837395 0.028846 0.051282
36 0.699647 0.144391 0.028846 0.051282
36 0.303035 0.728698 0.028846 0.051282
36 0.233536 0.822697 0.028846 0.051282
36 0.226694 0.057933 0.028846 0.051282
36 0.150887 0.097206 0.028846 0.051282
36 0.337455 0.84052 0.028846 0.051282
36 0.549127 0.484342 0.028846 0.051282
36 0.597083 0.531439 0.028846 0.051282
36 0.724526 0.487264 0.028846 0.051282
36 0.623995 0.527256 0.028846 0.051282
36 0.578698 0.480844 0.028846 0.051282
36 0.605085 0.64652 0.028846 0.051282
36 0.760414 0.159709 0.028846 0.051282
36 0.674252 0.313875 0.028846 0.051282
36 0.823332 0.40512 0.028846 0.051282
36 0.755606 0.199243 0.028846 0.051282
36 0.631749 0.468644 0.028846 0.051282
36 0.421035 0.941534 0.028846 0.051282
36 0.702912 0.410048 0.028846 0.051282
36 0.475306 0.906368 0.028846 0.051282
36 0.235494 0.257177 0.028846 0.051282
36 0.427956 0.587465 0.028846 0.051282
36 0.507236 0.39026 0.028846 0.051282
36 0.507236 0.39026 0.028846 0.051282
36 0.507236 0.39026 0.028846 0.051282
