0 0.5 0.49 0.078125 0.138889
25 0.358934 0.214791 0.072917 0.12963
3 0.299401 0.503943 0.052083 0.092593
14 0.347434 0.731435 0.0625 0.111111
14 0.25131 0.653692 0.0625 0.111111
14 0.19951 0.084119 0.0625 0.111111
14 0.250699 0.707739 0.0625 0.111111
1 0.799602 0.143856 0.052083 0.092593
1 0.85061 0.038077 0.052083 0.092593
1 0.16232 0.536802 0.052083 0.092593
1 0.847552 0.775386 0.052083 0.092593
1 0.17271 0.87132 0.052083 0.092593
14 0.768574 0.071892 0.0625 0.111111
14 0.93404 0.092911 0.0625 0.111111
14 0.25043 0.210529 0.0625 0.111111
14 0.430775 0.11953 0.0625 0.111111
14 0.082262 0.518706 0.0625 0.111111
14 0.218687 0.185508 0.0625 0.111111
14 0.891762 0.155886 0.0625 0.111111
38 0.248218 0.676304 0.052083 0.092593
37 0.357726 0.736835 0.041667 0.074074
36 0.373435 0.110528 0.028846 0.051282
36 0.802835 0.044995 0.028846 0.051282
36 0.892791 0.174553 0.028846 0.051282
36 0.808436 0.908744 0.028846 0.051282
36 0.583823 0.20079 0.028846 0.051282
36 0.40438 0.167829 0.028846 0.051282
36 0.566213 0.013748 0.028846 0.051282
36 0.446138 0.678824 0.028846 0.051282
36 0.466257 0.871059 0.028846 0.051282
36 0.086498 0.395019 0.028846 0.051282
36 0.380254 0.225738 0.028846 0.051282
36 0.39795 0.068795 0.028846 0.051282
36 0.317324 0.099512 0.028846 0.051282
36 0.29098 0.118543 0.028846 0.051282
36 0.278438 0.096718 0.028846 0.051282
36 0.330388 0.021615 0.028846 0.051282
36 0.35286 0.037815 0.028846 0.051282
36 0.189817 0.620304 0.028846 0.051282
36 0.239672 0.709663 0.028846 0.051282
36 0.27713 0.754786 0.028846 0.051282
36 0.326209 0.77246 0.028846 0.051282
36 0.190325 0.599761 0.028846 0.051282
36 0.234252 0.682537 0.028846 0.051282
36 0.441905 0.686703 0.028846 0.051282
36 0.383007 0.100319 0.028846 0.051282
36 0.526118 0.073469 0.028846 0.051282
36 0.757424 0.383986 0.028846 0.051282
36 0.772135 0.460279 0.028846 0.051282
36 0.319644 0.236553 0.028846 0.051282
36 0.391508 0.779542 0.028846 0.051282
36 0.309176 0.181162 0.028846 0.051282
36 0.788139 0.864041 0.028846 0.051282
36 0.743344 0.780374 0.028846 0.051282
36 0.604811 0.087369 0.028846 0.051282
36 0.378016 0.665066 0.028846 0.051282
36 0.394839 0.263595 0.028846 0.051282
36 0.374659 0.150675 0.028846 0.051282
36 0.426075 0.199153 0.028846 0.051282
