0 0.5 0.773841 0.078125 0.138889
1 0.186791 0.115159 0.052083 0.092593
13 0.224486 0.125305 0.0625 0.111111
1 0.108868 0.802199 0.052083 0.092593
1 0.91552 0.208467 0.052083 0.092593
14 0.21636 0.154366 0.0625 0.111111
17 0.092364 0.039815 0.0625 0.111111
38 0.199503 0.118634 0.052083 0.092593
36 0.835663 0.189403 0.028846 0.051282
36 0.019825 0.849234 0.028846 0.051282
36 0.475541 0.114303 0.028846 0.051282
36 0.119818 0.215835 0.028846 0.051282
36 0.396719 0.172514 0.028846 0.051282
36 0.873178 0.291861 0.028846 0.051282
36 0.449728 0.079324 0.028846 0.051282
36 0.407862 0.035207 0.028846 0.051282
36 0.347559 0.186777 0.028846 0.051282
36 0.203524 0.052396 0.028846 0.051282
36 0.379177 0.208783 0.028846 0.051282
36 0.316326 0.164511 0.028846 0.051282
36 0.660122 0.212724 0.028846 0.051282
36 0.703703 0.611262 0.028846 0.051282
36 0.358258 0.717484 0.028846 0.051282
36 0.627974 0.687118 0.028846 0.051282
