0 0.5 0.49 0.078125 0.138889
25 0.814447 0.553415 0.072917 0.12963
25 0.285538 0.169624 0.072917 0.12963
1 0.769729 0.855721 0.052083 0.092593
1 0.845498 0.677092 0.052083 0.092593
14 0.853597 0.40235 0.0625 0.111111
14 0.781093 0.874471 0.0625 0.111111
37 0.654074 0.066549 0.041667 0.074074
38 0.341751 0.784831 0.052083 0.092593
36 0.466967 0.219055 0.028846 0.051282
36 0.896367 0.153521 0.028846 0.051282
36 0.986324 0.28308 0.028846 0.051282
36 0.974982 0.08629 0.028846 0.051282
36 0.713543 0.38285 0.028846 0.051282
36 0.698254 0.348208 0.028846 0.051282
36 0.677356 0.309317 0.028846 0.051282
36 0.497913 0.276356 0.028846 0.051282
36 0.496237 0.097743 0.028846 0.051282
36 0.777361 0.434547 0.028846 0.051282
36 0.689365 0.693159 0.028846 0.051282
36 0.659745 0.122275 0.028846 0.051282
36 0.539671 0.787351 0.028846 0.051282
36 0.55979 0.979585 0.028846 0.051282
36 0.180031 0.503546 0.028846 0.051282
36 0.473787 0.334265 0.028846 0.051282
36 0.491483 0.177322 0.028846 0.051282
36 0.410856 0.208039 0.028846 0.051282
36 0.384513 0.22707 0.028846 0.051282
36 0.37197 0.205245 0.028846 0.051282
36 0.423921 0.130142 0.028846 0.051282
36 0.446393 0.146342 0.028846 0.051282
36 0.58887 0.089473 0.028846 0.051282
36 0.658508 0.063547 0.028846 0.051282
36 0.28335 0.728831 0.028846 0.051282
36 0.333205 0.81819 0.028846 0.051282
36 0.370663 0.863313 0.028846 0.051282
36 0.426468 0.086192 0.028846 0.051282
36 0.736418 0.433098 0.028846 0.051282
36 0.650937 0.464509 0.028846 0.051282
36 0.419742 0.880987 0.028846 0.051282
36 0.283858 0.708288 0.028846 0.051282
36 0.327785 0.791064 0.028846 0.051282
36 0.535438 0.79523 0.028846 0.051282
36 0.681099 0.561835 0.028846 0.051282
36 0.47654 0.208846 0.028846 0.051282
36 0.667687 0.585008 0.028846 0.051282
36 0.623125 0.580139 0.028846 0.051282
36 0.646853 0.594152 0.028846 0.051282
36 0.711294 0.48721 0.028846 0.051282
36 0.812675 0.637836 0.028846 0.051282
36 0.620492 0.182656 0.028846 0.051282
36 0.845899 0.489975 0.028846 0.051282
36 0.723219 0.519671 0.028846 0.051282
