0 0.584825 0.458832 0.078125 0.138889
16 0.047005 0.973251 0.078125 0.138889
16 0.084141 0.563625 0.078125 0.138889
14 0.367584 0.993032 0.0625 0.111111
17 0.535848 0.97484 0.0625 0.111111
1 0.027688 0.696259 0.052083 0.092593
1 0.348826 0.32376 0.052083 0.092593
1 0.868124 0.973232 0.052083 0.092593
12 0.840148 0.321456 0.052083 0.092593
17 0.211073 0.912773 0.0625 0.111111
38 0.33343 0.5154 0.052083 0.092593
37 0.151496 0.611879 0.041667 0.074074
38 0.212332 0.773711 0.052083 0.092593
37 0.475134 0.654349 0.041667 0.074074
37 0.484439 0.677057 0.041667 0.074074
36 0.05551 0.462425 0.028846 0.051282
36 0.153173 0.627585 0.028846 0.051282
36 0.883609 0.958827 0.028846 0.051282
36 0.849307 0.649879 0.028846 0.051282
36 0.08914 0.540685 0.028846 0.051282
36 0.249283 0.506813 0.028846 0.051282
36 0.01357 0.519443 0.028846 0.051282
36 0.270412 0.456822 0.028846 0.051282
36 0.326652 0.317565 0.028846 0.051282
36 0.048647 0.730616 0.028846 0.051282
36 0.122699 0.272745 0.028846 0.051282
36 0.137902 0.409513 0.028846 0.051282
36 0.340442 0.361429 0.028846 0.051282
36 0.367694 0.357498 0.028846 0.051282
36 0.614487 0.432326 0.028846 0.051282
36 0.060655 0.605 0.028846 0.051282
36 0.058652 0.559385 0.028846 0.051282
36 0.083404 0.606132 0.028846 0.051282
36 0.511872 0.318102 0.028846 0.051282
36 0.314264 0.586751 0.028846 0.051282
36 0.898018 0.695846 0.028846 0.051282
36 0.209065 0.641653 0.028846 0.051282
36 0.617322 0.836009 0.028846 0.051282
36 0.647936 0.963471 0.028846 0.051282
36 0.850677 0.768748 0.028846 0.051282
36 0.496508 0.683515 0.028846 0.051282
36 0.429844 0.575692 0.028846 0.051282
36 0.371481 0.946257 0.028846 0.051282
