0 0.211526 0.49 0.078125 0.138889
14 0.682505 0.182613 0.0625 0.111111
23 0.894275 0.663009 0.052083 0.092593
36 0.624019 0.562944 0.028846 0.051282
36 0.924288 0.432777 0.028846 0.051282
36 0.424208 0.242863 0.028846 0.051282
36 0.439951 0.25656 0.028846 0.051282
36 0.416241 0.38539 0.028846 0.051282
36 0.379294 0.36289 0.028846 0.051282
36 0.485297 0.240601 0.028846 0.051282
36 0.382246 0.57533 0.028846 0.051282
36 0.443492 0.45159 0.028846 0.051282
36 0.23619 0.651162 0.028846 0.051282
36 0.355889 0.711186 0.028846 0.051282
