0 0.225575 0.49 0.078125 0.138889
16 0.658296 0.049111 0.078125 0.138889
1 0.724827 0.846003 0.052083 0.092593
1 0.58435 0.269576 0.052083 0.092593
1 0.609747 0.206939 0.052083 0.092593
38 0.288127 0.160284 0.052083 0.092593
36 0.924288 0.231052 0.028846 0.051282
36 0.224084 0.855614 0.028846 0.051282
36 0.747845 0.202185 0.028846 0.051282
36 0.926726 0.089302 0.028846 0.051282
36 0.199561 0.527214 0.028846 0.051282
36 0.408893 0.77895 0.028846 0.051282
36 0.570267 0.022001 0.028846 0.051282
36 0.047545 0.450835 0.028846 0.051282
36 0.244231 0.634497 0.028846 0.051282
36 0.432771 0.555829 0.028846 0.051282
