0 0.5 0.49 0.078125 0.138889
17 0.781629 0.157947 0.0625 0.111111
17 0.320203 0.328311 0.0625 0.111111
17 0.048278 0.900731 0.0625 0.111111
1 0.276275 0.614758 0.052083 0.092593
1 0.257025 0.555591 0.052083 0.092593
1 0.769339 0.39667 0.052083 0.092593
1 0.192121 0.655015 0.052083 0.092593
14 0.244202 0.858841 0.0625 0.111111
17 0.140984 0.654894 0.0625 0.111111
17 0.415372 0.755072 0.0625 0.111111
17 0.372945 0.956292 0.0625 0.111111
17 0.223762 0.534467 0.0625 0.111111
17 0.255877 0.521478 0.0625 0.111111
17 0.268108 0.524204 0.0625 0.111111
37 0.571429 0.140791 0.041667 0.074074
38 0.206972 0.32554 0.052083 0.092593
37 0.633519 0.041038 0.041667 0.074074
37 0.319344 0.033295 0.041667 0.074074
38 0.269656 0.51512 0.052083 0.092593
37 0.978261 0.132936 0.041667 0.074074
36 0.880647 0.498767 0.028846 0.051282
36 0.323381 0.047688 0.028846 0.051282
36 0.055978 0.178113 0.028846 0.051282
36 0.711173 0.818168 0.028846 0.051282
36 0.313659 0.034315 0.028846 0.051282
36 0.800428 0.997115 0.028846 0.051282
36 0.031399 0.532087 0.028846 0.051282
36 0.500146 0.005758 0.028846 0.051282
36 0.473831 0.04099 0.028846 0.051282
36 0.757795 0.723357 0.028846 0.051282
36 0.4161 0.010796 0.028846 0.051282
36 0.390811 0.154567 0.028846 0.051282
36 0.21495 0.55766 0.028846 0.051282
36 0.105731 0.673669 0.028846 0.051282
36 0.037005 0.648457 0.028846 0.051282
36 0.751794 0.731723 0.028846 0.051282
36 0.936982 0.031861 0.028846 0.051282
36 0.234288 0.727378 0.028846 0.051282
36 0.232141 0.679225 0.028846 0.051282
36 0.784099 0.682657 0.028846 0.051282
36 0.159945 0.822406 0.028846 0.051282
36 0.14235 0.859364 0.028846 0.051282
36 0.959625 0.230355 0.028846 0.051282
36 0.506568 0.168064 0.028846 0.051282
36 0.431379 0.020823 0.028846 0.051282
36 0.25523 0.418658 0.028846 0.051282
36 0.746476 0.746879 0.028846 0.051282
36 0.566715 0.096226 0.028846 0.051282
36 0.260641 0.674637 0.028846 0.051282
36 0.282288 0.572961 0.028846 0.051282
36 0.257184 0.729983 0.028846 0.051282
36 0.682976 0.771528 0.028846 0.051282
36 0.28749 0.651086 0.028846 0.051282
36 0.242865 0.542058 0.028846 0.051282
36 0.389137 0.769967 0.028846 0.051282
36 0.381279 0.264541 0.028846 0.051282
36 0.266033 0.453339 0.028846 0.051282
36 0.483852 0.768875 0.028846 0.051282
36 0.373601 0.611649 0.028846 0.051282
36 0.321333 0.605883 0.028846 0.051282
