0 0.534026 0.434936 0.078125 0.138889
14 0.600015 0.860313 0.0625 0.111111
14 0.118114 0.951124 0.0625 0.111111
2 0.094254 0.510679 0.052083 0.092593
2 0.053044 0.541454 0.052083 0.092593
1 0.057778 0.498548 0.052083 0.092593
1 0.132847 0.362894 0.052083 0.092593
1 0.037224 0.463813 0.052083 0.092593
15 0.111972 0.484156 0.078125 0.138889
15 0.112784 0.380362 0.078125 0.138889
37 0.166579 0.452369 0.041667 0.074074
37 0.040569 0.336876 0.041667 0.074074
37 0.689388 0.538741 0.041667 0.074074
37 0.237674 0.71792 0.041667 0.074074
37 0.612316 0.738483 0.041667 0.074074
37 0.258135 0.76999 0.041667 0.074074
37 0.027689 0.380983 0.041667 0.074074
37 0.957762 0.802041 0.041667 0.074074
37 0.6228 0.562811 0.041667 0.074074
37 0.511741 0.813157 0.041667 0.074074
37 0.058469 0.321136 0.041667 0.074074
37 0.597034 0.309029 0.041667 0.074074
36 0.030918 0.310849 0.028846 0.051282
36 0.300352 0.250789 0.028846 0.051282
36 0.753823 0.482965 0.028846 0.051282
36 0.16085 0.240915 0.028846 0.051282
36 0.702915 0.887372 0.028846 0.051282
36 0.86613 0.503291 0.028846 0.051282
36 0.830346 0.363838 0.028846 0.051282
36 0.859962 0.324616 0.028846 0.051282
36 0.739717 0.493357 0.028846 0.051282
36 0.721336 0.270307 0.028846 0.051282
36 0.975419 0.770378 0.028846 0.051282
36 0.930106 0.716743 0.028846 0.051282
36 0.913341 0.828223 0.028846 0.051282
36 0.540618 0.500918 0.028846 0.051282
36 0.464625 0.694117 0.028846 0.051282
36 0.566235 0.745755 0.028846 0.051282
36 0.514561 0.673728 0.028846 0.051282
36 0.645064 0.766866 0.028846 0.051282
36 0.636782 0.818521 0.028846 0.051282
36 0.612504 0.840442 0.028846 0.051282
36 0.645341 0.846794 0.028846 0.051282
36 0.550247 0.536327 0.028846 0.051282
36 0.593334 0.586384 0.028846 0.051282
36 0.644338 0.578531 0.028846 0.051282
36 0.765956 0.953665 0.028846 0.051282
36 0.561114 0.944722 0.028846 0.051282
36 0.418967 0.793266 0.028846 0.051282
36 0.639627 0.877542 0.028846 0.051282
36 0.476805 0.808658 0.028846 0.051282
36 0.393182 0.79354 0.028846 0.051282
36 0.452206 0.698368 0.028846 0.051282
36 0.43728 0.727422 0.028846 0.051282
36 0.409914 0.767687 0.028846 0.051282
36 0.373974 0.691365 0.028846 0.051282
36 0.418843 0.638213 0.028846 0.051282
36 0.403565 0.634889 0.028846 0.051282
36 0.11084 0.266269 0.028846 0.051282
