0 0.747396 0.49 0.078125 0.138889
5 0.425989 0.123796 0.0625 0.111111
1 0.41024 0.150253 0.052083 0.092593
4 0.491829 0.038161 0.052083 0.092593
1 0.253798 0.324478 0.052083 0.092593
1 0.5392 0.060914 0.052083 0.092593
1 0.418042 0.023747 0.052083 0.092593
1 0.483806 0.089737 0.052083 0.092593
13 0.5944 0.607017 0.0625 0.111111
1 0.026388 0.019102 0.052083 0.092593
35 0.179799 0.013833 0.083705 0.14881
37 0.236235 0.141964 0.041667 0.074074
38 0.323896 0.381458 0.052083 0.092593
37 0.198382 0.26689 0.041667 0.074074
37 0.216454 0.363546 0.041667 0.074074
37 0.367346 0.361443 0.041667 0.074074
37 0.061286 0.081878 0.041667 0.074074
36 0.844292 0.241834 0.028846 0.051282
36 0.839825 0.323234 0.028846 0.051282
36 0.352934 0.135722 0.028846 0.051282
36 0.695182 0.051717 0.028846 0.051282
36 0.600193 0.089273 0.028846 0.051282
36 0.351277 0.37549 0.028846 0.051282
36 0.629029 0.094597 0.028846 0.051282
36 0.600687 0.068959 0.028846 0.051282
36 0.364004 0.359198 0.028846 0.051282
36 0.332465 0.320813 0.028846 0.051282
36 0.387988 0.266104 0.028846 0.051282
36 0.3777 0.418582 0.028846 0.051282
36 0.406019 0.382495 0.028846 0.051282
36 0.267206 0.328997 0.028846 0.051282
36 0.206579 0.336481 0.028846 0.051282
36 0.265908 0.329702 0.028846 0.051282
36 0.246947 0.307218 0.028846 0.051282
36 0.249485 0.267364 0.028846 0.051282
36 0.378185 0.383992 0.028846 0.051282
36 0.218625 0.186112 0.028846 0.051282
36 0.218552 0.201854 0.028846 0.051282
36 0.42695 0.402273 0.028846 0.051282
36 0.092932 0.036155 0.028846 0.051282
36 0.086815 0.029217 0.028846 0.051282
36 0.266349 0.017478 0.028846 0.051282
36 0.30031 0.036845 0.028846 0.051282
36 0.292586 0.179561 0.028846 0.051282
36 0.225955 0.336384 0.028846 0.051282
36 0.230752 0.351917 0.028846 0.051282
36 0.179576 0.295281 0.028846 0.051282
36 0.221685 0.345311 0.028846 0.051282
36 0.464428 0.228827 0.028846 0.051282
36 0.411733 0.038979 0.028846 0.051282
36 0.422129 0.065264 0.028846 0.051282
36 0.487203 0.0981 0.028846 0.051282
36 0.504222 0.055402 0.028846 0.051282
36 0.50946 0.071499 0.028846 0.051282
36 0.429177 0.216486 0.028846 0.051282
36 0.3224 0.077104 0.028846 0.051282
36 0.558575 0.008099 0.028846 0.051282
36 0.533482 0.023363 0.028846 0.051282
36 0.72583 0.464188 0.028846 0.051282
36 0.28325 0.220653 0.028846 0.051282
