0 0.5 0.49 0.078125 0.138889
5 0.753842 0.191068 0.0625 0.111111
8 0.622139 0.276509 0.055804 0.099206
8 0.418238 0.555422 0.055804 0.099206
8 0.772356 0.794366 0.055804 0.099206
8 0.373608 0.1186 0.055804 0.099206
8 0.646085 0.567488 0.055804 0.099206
37 0.319567 0.228469 0.041667 0.074074
38 0.407227 0.467963 0.052083 0.092593
37 0.281714 0.353395 0.041667 0.074074
37 0.535403 0.219275 0.041667 0.074074
36 0.045223 0.555505 0.028846 0.051282
36 0.892282 0.358352 0.028846 0.051282
36 0.927624 0.328339 0.028846 0.051282
36 0.923157 0.409739 0.028846 0.051282
36 0.754878 0.617053 0.028846 0.051282
36 0.101224 0.180627 0.028846 0.051282
36 0.646642 0.396272 0.028846 0.051282
36 0.640635 0.401918 0.028846 0.051282
36 0.736179 0.936953 0.028846 0.051282
36 0.735676 0.75667 0.028846 0.051282
36 0.677435 0.67201 0.028846 0.051282
36 0.656545 0.640951 0.028846 0.051282
36 0.674475 0.665836 0.028846 0.051282
36 0.659147 0.60844 0.028846 0.051282
36 0.72928 0.628309 0.028846 0.051282
36 0.707389 0.696242 0.028846 0.051282
36 0.718151 0.584754 0.028846 0.051282
36 0.153237 0.435111 0.028846 0.051282
36 0.619359 0.856054 0.028846 0.051282
36 0.230883 0.727693 0.028846 0.051282
36 0.183158 0.457393 0.028846 0.051282
36 0.436266 0.222226 0.028846 0.051282
36 0.479327 0.218608 0.028846 0.051282
36 0.230267 0.447527 0.028846 0.051282
36 0.542848 0.176891 0.028846 0.051282
36 0.519377 0.251227 0.028846 0.051282
36 0.516912 0.218072 0.028846 0.051282
36 0.237109 0.495237 0.028846 0.051282
36 0.521317 0.297099 0.028846 0.051282
36 0.532872 0.375894 0.028846 0.051282
36 0.540807 0.346164 0.028846 0.051282
36 0.507264 0.358789 0.028846 0.051282
36 0.490707 0.229872 0.028846 0.051282
