0 0.291763 0.49 0.078125 0.138889
2 0.428931 0.644824 0.052083 0.092593
2 0.523998 0.775875 0.052083 0.092593
12 0.904633 0.410241 0.052083 0.092593
12 0.604013 0.883531 0.052083 0.092593
2 0.376751 0.874548 0.052083 0.092593
2 0.773688 0.276133 0.052083 0.092593
2 0.673033 0.283227 0.052083 0.092593
5 0.750183 0.731212 0.0625 0.111111
1 0.121103 0.21827 0.052083 0.092593
36 0.081378 0.990239 0.028846 0.051282
36 0.449383 0.315009 0.028846 0.051282
36 0.445879 0.341279 0.028846 0.051282
36 0.174099 0.219945 0.028846 0.051282
36 0.121796 0.121332 0.028846 0.051282
36 0.458261 0.400777 0.028846 0.051282
36 0.589497 0.455322 0.028846 0.051282
36 0.305193 0.852106 0.028846 0.051282
36 0.5473 0.360835 0.028846 0.051282
36 0.408569 0.987385 0.028846 0.051282
36 0.47778 0.905175 0.028846 0.051282
36 0.272808 0.147649 0.028846 0.051282
36 0.649608 0.142433 0.028846 0.051282
36 0.290072 0.225877 0.028846 0.051282
36 0.525171 0.340513 0.028846 0.051282
36 0.641002 0.261104 0.028846 0.051282
36 0.265008 0.769847 0.028846 0.051282
36 0.2709 0.77681 0.028846 0.051282
36 0.254705 0.745516 0.028846 0.051282
36 0.378587 0.709805 0.028846 0.051282
36 0.465656 0.684331 0.028846 0.051282
36 0.202545 0.838252 0.028846 0.051282
36 0.42215 0.238469 0.028846 0.051282
36 0.489336 0.668571 0.028846 0.051282
36 0.127451 0.270628 0.028846 0.051282
36 0.524737 0.632647 0.028846 0.051282
