0 0.465578 0.49 0.078125 0.138889
14 0.473284 0.720516 0.0625 0.111111
14 0.651899 0.689191 0.0625 0.111111
6 0.831514 0.553622 0.117188 0.208333
6 0.782821 0.86407 0.117188 0.208333
6 0.340114 0.930366 0.117188 0.208333
25 0.689665 0.511104 0.072917 0.12963
25 0.943473 0.97474 0.072917 0.12963
25 0.743878 0.833076 0.072917 0.12963
1 0.222535 0.644861 0.052083 0.092593
1 0.196107 0.964564 0.052083 0.092593
1 0.92407 0.590039 0.052083 0.092593
1 0.924565 0.549044 0.052083 0.092593
14 0.987284 0.912127 0.0625 0.111111
14 0.734956 0.673618 0.0625 0.111111
14 0.678513 0.68995 0.0625 0.111111
14 0.560445 0.647482 0.0625 0.111111
14 0.784218 0.388147 0.0625 0.111111
14 0.62334 0.486458 0.0625 0.111111
14 0.759697 0.671016 0.0625 0.111111
14 0.21813 0.3922 0.0625 0.111111
35 0.310248 0.656914 0.083705 0.14881
37 0.655378 0.461559 0.041667 0.074074
37 0.184089 0.460414 0.041667 0.074074
37 0.57792 0.925237 0.041667 0.074074
37 0.628095 0.543618 0.041667 0.074074
37 0.435942 0.900584 0.041667 0.074074
36 0.806138 0.379739 0.028846 0.051282
36 0.897671 0.548531 0.028846 0.051282
36 0.987628 0.67809 0.028846 0.051282
36 0.863376 0.270104 0.028846 0.051282
36 0.976286 0.4813 0.028846 0.051282
36 0.661049 0.517284 0.028846 0.051282
36 0.659811 0.458557 0.028846 0.051282
36 0.150887 0.54372 0.028846 0.051282
36 0.169675 0.429603 0.028846 0.051282
36 0.163289 0.650886 0.028846 0.051282
36 0.56638 0.965101 0.028846 0.051282
36 0.827484 0.479892 0.028846 0.051282
36 0.992537 0.428393 0.028846 0.051282
36 0.680555 0.459995 0.028846 0.051282
36 0.646803 0.375935 0.028846 0.051282
36 0.648204 0.333034 0.028846 0.051282
36 0.92365 0.62384 0.028846 0.051282
36 0.911036 0.629552 0.028846 0.051282
36 0.924653 0.634305 0.028846 0.051282
36 0.587808 0.975808 0.028846 0.051282
36 0.627109 0.587609 0.028846 0.051282
36 0.629523 0.566576 0.028846 0.051282
36 0.613917 0.593713 0.028846 0.051282
36 0.623883 0.625042 0.028846 0.051282
36 0.176617 0.44813 0.028846 0.051282
36 0.612185 0.636535 0.028846 0.051282
36 0.605502 0.990582 0.028846 0.051282
36 0.662733 0.961624 0.028846 0.051282
36 0.396173 0.9482 0.028846 0.051282
36 0.407551 0.923307 0.028846 0.051282
36 0.382941 0.899753 0.028846 0.051282
36 0.613841 0.498769 0.028846 0.051282
36 0.591625 0.591236 0.028846 0.051282
36 0.579195 0.632165 0.028846 0.051282
