0 0.5 0.49 0.078125 0.138889
1 0.302694 0.401709 0.052083 0.092593
1 0.359203 0.4527 0.052083 0.092593
1 0.327203 0.547499 0.052083 0.092593
13 0.32754 0.073527 0.0625 0.111111
13 0.148618 0.093507 0.0625 0.111111
1 0.755665 0.834463 0.052083 0.092593
1 0.237337 0.902986 0.052083 0.092593
1 0.275039 0.08377 0.052083 0.092593
1 0.659169 0.866223 0.052083 0.092593
1 0.420244 0.857437 0.052083 0.092593
1 0.218983 0.072244 0.052083 0.092593
1 0.141863 0.325095 0.052083 0.092593
1 0.079253 0.275616 0.052083 0.092593
1 0.589079 0.877512 0.052083 0.092593
1 0.398168 0.097011 0.052083 0.092593
1 0.786655 0.984216 0.052083 0.092593
1 0.799277 0.164168 0.052083 0.092593
1 0.078946 0.317071 0.052083 0.092593
6 0.458497 0.812374 0.117188 0.208333
6 0.356581 0.701005 0.117188 0.208333
6 0.588654 0.546715 0.117188 0.208333
38 0.402834 0.732655 0.052083 0.092593
37 0.16583 0.18882 0.041667 0.074074
37 0.105678 0.109636 0.041667 0.074074
36 0.74869 0.568656 0.028846 0.051282
36 0.889252 0.819893 0.028846 0.051282
36 0.779424 0.619909 0.028846 0.051282
36 0.828147 0.703758 0.028846 0.051282
36 0.879164 0.695928 0.028846 0.051282
36 0.819683 0.502337 0.028846 0.051282
36 0.065685 0.520447 0.028846 0.051282
36 0.058161 0.522799 0.028846 0.051282
36 0.751411 0.692341 0.028846 0.051282
36 0.815052 0.62218 0.028846 0.051282
36 0.282546 0.646059 0.028846 0.051282
36 0.633652 0.086899 0.028846 0.051282
36 0.281676 0.657824 0.028846 0.051282
36 0.311338 0.751428 0.028846 0.051282
36 0.295393 0.746115 0.028846 0.051282
36 0.425228 0.842508 0.028846 0.051282
36 0.279831 0.60333 0.028846 0.051282
36 0.323383 0.662754 0.028846 0.051282
36 0.467486 0.62548 0.028846 0.051282
36 0.48216 0.58151 0.028846 0.051282
36 0.391622 0.580593 0.028846 0.051282
36 0.733619 0.868516 0.028846 0.051282
36 0.726351 0.856459 0.028846 0.051282
36 0.746141 0.845717 0.028846 0.051282
36 0.500343 0.699283 0.028846 0.051282
36 0.42274 0.724341 0.028846 0.051282
36 0.846246 0.473625 0.028846 0.051282
36 0.553965 0.027187 0.028846 0.051282
36 0.791452 0.689727 0.028846 0.051282
36 0.800611 0.682287 0.028846 0.051282
36 0.798526 0.792183 0.028846 0.051282
36 0.492552 0.556646 0.028846 0.051282
36 0.39051 0.436565 0.028846 0.051282
36 0.370262 0.043456 0.028846 0.051282
36 0.21168 0.034063 0.028846 0.051282
36 0.471085 0.390021 0.028846 0.051282
