0 0.5 0.49 0.078125 0.138889
6 0.430742 0.398994 0.117188 0.208333
1 0.492081 0.62553 0.052083 0.092593
1 0.51796 0.655348 0.052083 0.092593
1 0.406148 0.672205 0.052083 0.092593
1 0.257713 0.71015 0.052083 0.092593
1 0.460257 0.850652 0.052083 0.092593
1 0.208404 0.65595 0.052083 0.092593
1 0.238483 0.738996 0.052083 0.092593
1 0.207423 0.902235 0.052083 0.092593
1 0.573173 0.504217 0.052083 0.092593
1 0.650784 0.371624 0.052083 0.092593
13 0.466722 0.360612 0.0625 0.111111
13 0.267825 0.590651 0.0625 0.111111
4 0.322025 0.543154 0.052083 0.092593
4 0.337085 0.579679 0.052083 0.092593
1 0.188323 0.213245 0.052083 0.092593
1 0.108158 0.194823 0.052083 0.092593
1 0.006813 0.548102 0.052083 0.092593
1 0.336471 0.186323 0.052083 0.092593
1 0.921552 0.324376 0.052083 0.092593
38 0.415388 0.965841 0.052083 0.092593
37 0.178383 0.422006 0.041667 0.074074
37 0.118231 0.342822 0.041667 0.074074
36 0.002076 0.792049 0.028846 0.051282
36 0.761244 0.801841 0.028846 0.051282
36 0.791977 0.853095 0.028846 0.051282
36 0.840701 0.936943 0.028846 0.051282
36 0.891717 0.929114 0.028846 0.051282
36 0.832236 0.735522 0.028846 0.051282
36 0.078239 0.753632 0.028846 0.051282
36 0.070714 0.755984 0.028846 0.051282
36 0.763965 0.925527 0.028846 0.051282
36 0.827605 0.855365 0.028846 0.051282
36 0.2951 0.879244 0.028846 0.051282
36 0.646205 0.320085 0.028846 0.051282
36 0.294229 0.891009 0.028846 0.051282
36 0.323892 0.984614 0.028846 0.051282
36 0.307946 0.979301 0.028846 0.051282
36 0.292384 0.836515 0.028846 0.051282
36 0.335936 0.89594 0.028846 0.051282
36 0.478282 0.865721 0.028846 0.051282
36 0.488829 0.845687 0.028846 0.051282
36 0.530814 0.81438 0.028846 0.051282
36 0.404175 0.813779 0.028846 0.051282
36 0.512897 0.932468 0.028846 0.051282
36 0.435294 0.957527 0.028846 0.051282
36 0.8588 0.70681 0.028846 0.051282
36 0.507355 0.733213 0.028846 0.051282
36 0.566518 0.260373 0.028846 0.051282
36 0.804006 0.922913 0.028846 0.051282
36 0.813164 0.915473 0.028846 0.051282
36 0.499694 0.839829 0.028846 0.051282
36 0.493327 0.767371 0.028846 0.051282
36 0.619796 0.20433 0.028846 0.051282
36 0.403063 0.669751 0.028846 0.051282
36 0.498501 0.800519 0.028846 0.051282
36 0.576329 0.202938 0.028846 0.051282
36 0.382815 0.276641 0.028846 0.051282
36 0.224233 0.267249 0.028846 0.051282
