0 0.284337 0.254578 0.078125 0.138889
14 0.437344 0.483973 0.0625 0.111111
14 0.498768 0.828383 0.0625 0.111111
14 0.465151 0.540467 0.0625 0.111111
1 0.654243 0.605104 0.052083 0.092593
1 0.674654 0.825032 0.052083 0.092593
12 0.806123 0.788618 0.052083 0.092593
15 0.126118 0.959673 0.078125 0.138889
14 0.300085 0.647229 0.0625 0.111111
14 0.310486 0.59295 0.0625 0.111111
14 0.143625 0.516952 0.0625 0.111111
14 0.326495 0.487675 0.0625 0.111111
14 0.159524 0.570473 0.0625 0.111111
14 0.19243 0.600708 0.0625 0.111111
37 0.194826 0.548353 0.041667 0.074074
37 0.149585 0.577416 0.041667 0.074074
37 0.774999 0.609458 0.041667 0.074074
37 0.14186 0.78881 0.041667 0.074074
37 0.295557 0.632947 0.041667 0.074074
37 0.11236 0.65426 0.041667 0.074074
36 0.13164 0.212022 0.028846 0.051282
36 0.551121 0.271282 0.028846 0.051282
36 0.75789 0.269816 0.028846 0.051282
36 0.791048 0.615458 0.028846 0.051282
36 0.359624 0.234862 0.028846 0.051282
36 0.746243 0.763894 0.028846 0.051282
36 0.679746 0.839023 0.028846 0.051282
36 0.831716 0.449784 0.028846 0.051282
36 0.839139 0.552125 0.028846 0.051282
36 0.371153 0.566545 0.028846 0.051282
36 0.305444 0.55562 0.028846 0.051282
36 0.34321 0.525464 0.028846 0.051282
36 0.824336 0.937253 0.028846 0.051282
36 0.327709 0.456141 0.028846 0.051282
36 0.304276 0.645344 0.028846 0.051282
36 0.307094 0.702819 0.028846 0.051282
36 0.319024 0.599234 0.028846 0.051282
36 0.203326 0.566445 0.028846 0.051282
36 0.212786 0.539271 0.028846 0.051282
36 0.396492 0.401022 0.028846 0.051282
36 0.393572 0.510393 0.028846 0.051282
36 0.20705 0.740282 0.028846 0.051282
36 0.271037 0.500106 0.028846 0.051282
36 0.237654 0.490358 0.028846 0.051282
36 0.365733 0.622443 0.028846 0.051282
36 0.439531 0.550002 0.028846 0.051282
36 0.232655 0.659606 0.028846 0.051282
36 0.226407 0.684269 0.028846 0.051282
36 0.123435 0.468011 0.028846 0.051282
36 0.208804 0.512415 0.028846 0.051282
36 0.215292 0.566355 0.028846 0.051282
36 0.204928 0.855701 0.028846 0.051282
36 0.181671 0.363741 0.028846 0.051282
36 0.167005 0.380781 0.028846 0.051282
