0 0.242697 0.49 0.078125 0.138889
7 0.83394 0.182226 0.052083 0.092593
18 0.42557 0.277117 0.117188 0.208333
14 0.596375 0.061335 0.0625 0.111111
14 0.734067 0.047165 0.0625 0.111111
14 0.716841 0.088717 0.0625 0.111111
14 0.749804 0.211653 0.0625 0.111111
14 0.504417 0.002604 0.0625 0.111111
15 0.595136 0.037705 0.078125 0.138889
15 0.634321 0.209446 0.078125 0.138889
15 0.604356 0.118126 0.078125 0.138889
15 0.550895 0.325248 0.078125 0.138889
15 0.677898 0.006414 0.078125 0.138889
15 0.57049 0.20771 0.078125 0.138889
14 0.549357 0.690595 0.0625 0.111111
14 0.530864 0.723505 0.0625 0.111111
14 0.174293 0.704684 0.0625 0.111111
14 0.090741 0.230252 0.0625 0.111111
37 0.194826 0.104878 0.041667 0.074074
37 0.149585 0.133941 0.041667 0.074074
37 0.828585 0.563979 0.041667 0.074074
37 0.774999 0.165983 0.041667 0.074074
37 0.14186 0.345334 0.041667 0.074074
37 0.713904 0.732829 0.041667 0.074074
37 0.341072 0.611113 0.041667 0.074074
37 0.295557 0.189472 0.041667 0.074074
37 0.11236 0.210785 0.041667 0.074074
37 0.294405 0.230231 0.041667 0.074074
37 0.465686 0.20584 0.041667 0.074074
38 0.303857 0.865354 0.052083 0.092593
37 0.092588 0.713152 0.041667 0.074074
36 0.98273 0.875785 0.028846 0.051282
36 0.791048 0.171982 0.028846 0.051282
36 0.746243 0.320419 0.028846 0.051282
36 0.831716 0.006309 0.028846 0.051282
36 0.839139 0.108649 0.028846 0.051282
36 0.824336 0.493778 0.028846 0.051282
36 0.203326 0.122969 0.028846 0.051282
36 0.212786 0.095796 0.028846 0.051282
36 0.20705 0.296807 0.028846 0.051282
36 0.237654 0.046882 0.028846 0.051282
36 0.232655 0.216131 0.028846 0.051282
36 0.226407 0.240793 0.028846 0.051282
36 0.123435 0.024536 0.028846 0.051282
36 0.208804 0.068939 0.028846 0.051282
36 0.215292 0.122879 0.028846 0.051282
36 0.214079 0.418272 0.028846 0.051282
36 0.446783 0.027721 0.028846 0.051282
36 0.456346 0.064126 0.028846 0.051282
36 0.186992 0.012329 0.028846 0.051282
36 0.181296 0.058186 0.028846 0.051282
36 0.259086 0.210296 0.028846 0.051282
36 0.472592 0.074519 0.028846 0.051282
36 0.657503 0.336972 0.028846 0.051282
36 0.611194 0.208653 0.028846 0.051282
36 0.574397 0.113629 0.028846 0.051282
36 0.630085 0.232501 0.028846 0.051282
36 0.212634 0.29366 0.028846 0.051282
36 0.249037 0.258283 0.028846 0.051282
36 0.610039 0.136568 0.028846 0.051282
36 0.526689 0.143396 0.028846 0.051282
36 0.627256 0.198233 0.028846 0.051282
36 0.696163 0.27425 0.028846 0.051282
36 0.854397 0.186586 0.028846 0.051282
36 0.836526 0.162895 0.028846 0.051282
36 0.385269 0.272044 0.028846 0.051282
36 0.333225 0.304869 0.028846 0.051282
36 0.296746 0.177259 0.028846 0.051282
36 0.452422 0.20013 0.028846 0.051282
36 0.4452 0.155037 0.028846 0.051282
36 0.489295 0.259117 0.028846 0.051282
36 0.09467 0.030126 0.028846 0.051282
