0 0.62774 0.49 0.078125 0.138889
3 0.421826 0.880414 0.052083 0.092593
17 0.336194 0.840771 0.0625 0.111111
14 0.283949 0.907042 0.0625 0.111111
17 0.297163 0.836138 0.0625 0.111111
17 0.334244 0.995727 0.0625 0.111111
17 0.29654 0.947606 0.0625 0.111111
17 0.442894 0.810291 0.0625 0.111111
17 0.388336 0.646711 0.0625 0.111111
37 0.485918 0.49183 0.041667 0.074074
38 0.121461 0.676579 0.052083 0.092593
37 0.53961 0.063367 0.041667 0.074074
37 0.233833 0.384334 0.041667 0.074074
37 0.892749 0.483975 0.041667 0.074074
37 0.187725 0.581815 0.041667 0.074074
37 0.687674 0.237829 0.041667 0.074074
36 0.163589 0.094164 0.028846 0.051282
36 0.773295 0.171714 0.028846 0.051282
36 0.795136 0.849806 0.028846 0.051282
36 0.18467 0.341632 0.028846 0.051282
36 0.239057 0.313536 0.028846 0.051282
36 0.195862 0.203348 0.028846 0.051282
36 0.241659 0.168187 0.028846 0.051282
36 0.85147 0.3829 0.028846 0.051282
36 0.874114 0.581394 0.028846 0.051282
36 0.855417 0.294791 0.028846 0.051282
36 0.123895 0.952564 0.028846 0.051282
36 0.20559 0.350001 0.028846 0.051282
36 0.596263 0.723573 0.028846 0.051282
36 0.415393 0.754753 0.028846 0.051282
36 0.260032 0.959973 0.028846 0.051282
36 0.373411 0.153904 0.028846 0.051282
36 0.771594 0.514512 0.028846 0.051282
36 0.403684 0.791043 0.028846 0.051282
36 0.404132 0.87224 0.028846 0.051282
36 0.415975 0.951286 0.028846 0.051282
36 0.483159 0.916707 0.028846 0.051282
36 0.508325 0.889784 0.028846 0.051282
36 0.710491 0.125925 0.028846 0.051282
36 0.531004 0.209512 0.028846 0.051282
36 0.455464 0.638917 0.028846 0.051282
36 0.474786 0.721611 0.028846 0.051282
