0 0.5 0.49 0.078125 0.138889
14 0.820755 0.288368 0.0625 0.111111
14 0.164834 0.658563 0.0625 0.111111
14 0.831435 0.325021 0.0625 0.111111
14 0.179147 0.691616 0.0625 0.111111
37 0.771262 0.3991 0.041667 0.074074
37 0.717676 0.001104 0.041667 0.074074
37 0.084537 0.180456 0.041667 0.074074
37 0.656581 0.56795 0.041667 0.074074
37 0.283749 0.446234 0.041667 0.074074
37 0.238234 0.024593 0.041667 0.074074
37 0.055037 0.045906 0.041667 0.074074
36 0.925407 0.710906 0.028846 0.051282
36 0.791472 0.76158 0.028846 0.051282
36 0.512511 0.775199 0.028846 0.051282
36 0.606922 0.643527 0.028846 0.051282
36 0.733725 0.007103 0.028846 0.051282
36 0.68892 0.15554 0.028846 0.051282
36 0.622423 0.230668 0.028846 0.051282
36 0.667204 0.695991 0.028846 0.051282
36 0.669968 0.491392 0.028846 0.051282
36 0.716144 0.457363 0.028846 0.051282
36 0.640818 0.472771 0.028846 0.051282
36 0.62 0.471289 0.028846 0.051282
36 0.668435 0.477882 0.028846 0.051282
36 0.767013 0.328899 0.028846 0.051282
36 0.149727 0.131928 0.028846 0.051282
36 0.241703 0.443141 0.028846 0.051282
36 0.175332 0.051252 0.028846 0.051282
36 0.169084 0.075914 0.028846 0.051282
36 0.146302 0.22647 0.028846 0.051282
36 0.201763 0.045417 0.028846 0.051282
36 0.485205 0.109033 0.028846 0.051282
36 0.60018 0.172093 0.028846 0.051282
36 0.553871 0.043774 0.028846 0.051282
36 0.572762 0.067623 0.028846 0.051282
36 0.155311 0.128781 0.028846 0.051282
36 0.191714 0.093404 0.028846 0.051282
36 0.569933 0.033354 0.028846 0.051282
