0 0.742679 0.49 0.078125 0.138889
14 0.58975 0.042689 0.0625 0.111111
14 0.494046 0.041929 0.0625 0.111111
14 0.472027 0.155618 0.0625 0.111111
7 0.470044 0.437617 0.052083 0.092593
7 0.66817 0.165635 0.052083 0.092593
7 0.626441 0.220991 0.052083 0.092593
37 0.028159 0.302946 0.041667 0.074074
37 0.661919 0.762047 0.041667 0.074074
37 0.612191 0.366273 0.041667 0.074074
36 0.001223 0.269066 0.028846 0.051282
36 0.50544 0.133807 0.028846 0.051282
36 0.335091 0.726221 0.028846 0.051282
36 0.829718 0.563575 0.028846 0.051282
36 0.495832 0.351301 0.028846 0.051282
36 0.634381 0.317099 0.028846 0.051282
36 0.282726 0.384927 0.028846 0.051282
36 0.231803 0.393541 0.028846 0.051282
36 0.197194 0.442389 0.028846 0.051282
36 0.525305 0.401472 0.028846 0.051282
36 0.612971 0.294733 0.028846 0.051282
36 0.642021 0.204762 0.028846 0.051282
36 0.64048 0.162622 0.028846 0.051282
36 0.576484 0.248902 0.028846 0.051282
36 0.632286 0.079434 0.028846 0.051282
36 0.612963 0.447158 0.028846 0.051282
36 0.625192 0.317665 0.028846 0.051282
36 0.618263 0.241825 0.028846 0.051282
36 0.635182 0.374614 0.028846 0.051282
36 0.562969 0.156929 0.028846 0.051282
36 0.621609 0.1348 0.028846 0.051282
