0 0.397808 0.528143 0.078125 0.138889
14 0.573971 0.369113 0.0625 0.111111
7 0.775077 0.200415 0.052083 0.092593
1 0.863168 0.617686 0.052083 0.092593
1 0.909624 0.273349 0.052083 0.092593
15 0.736146 0.17453 0.078125 0.138889
35 0.647705 0.580057 0.083705 0.14881
37 0.828585 0.318565 0.041667 0.074074
37 0.14186 0.099921 0.041667 0.074074
37 0.713904 0.487416 0.041667 0.074074
37 0.341072 0.365699 0.041667 0.074074
38 0.303857 0.61994 0.052083 0.092593
37 0.092588 0.467739 0.041667 0.074074
37 0.575728 0.179619 0.041667 0.074074
37 0.415626 0.010274 0.041667 0.074074
38 0.318637 0.788267 0.052083 0.092593
36 0.98273 0.630371 0.028846 0.051282
36 0.746243 0.075005 0.028846 0.051282
36 0.824336 0.248364 0.028846 0.051282
36 0.385269 0.02663 0.028846 0.051282
36 0.354184 0.802034 0.028846 0.051282
36 0.446214 0.378753 0.028846 0.051282
36 0.460153 0.067367 0.028846 0.051282
36 0.432917 0.003632 0.028846 0.051282
36 0.423675 0.201562 0.028846 0.051282
36 0.404677 0.210807 0.028846 0.051282
36 0.406424 0.318022 0.028846 0.051282
36 0.117191 0.277284 0.028846 0.051282
36 0.167803 0.099658 0.028846 0.051282
36 0.162516 0.243535 0.028846 0.051282
36 0.391755 0.123922 0.028846 0.051282
36 0.400831 0.122783 0.028846 0.051282
36 0.385259 0.10924 0.028846 0.051282
36 0.090012 0.203522 0.028846 0.051282
36 0.16479 0.108844 0.028846 0.051282
36 0.196214 0.200385 0.028846 0.051282
36 0.154842 0.378683 0.028846 0.051282
36 0.158418 0.344577 0.028846 0.051282
36 0.238588 0.024045 0.028846 0.051282
36 0.170727 0.67284 0.028846 0.051282
36 0.397594 0.843348 0.028846 0.051282
36 0.366947 0.72691 0.028846 0.051282
36 0.351153 0.76454 0.028846 0.051282
36 0.316925 0.854233 0.028846 0.051282
36 0.37466 0.797749 0.028846 0.051282
36 0.376885 0.783586 0.028846 0.051282
36 0.416477 0.724114 0.028846 0.051282
36 0.379964 0.81973 0.028846 0.051282
