0 0.505826 0.49 0.078125 0.138889
1 0.478457 0.222956 0.052083 0.092593
1 0.379602 0.312579 0.052083 0.092593
1 0.359106 0.571793 0.052083 0.092593
1 0.665255 0.301486 0.052083 0.092593
6 0.757743 0.406577 0.117188 0.208333
6 0.677999 0.430466 0.117188 0.208333
15 0.209366 0.313172 0.078125 0.138889
14 0.364345 0.084016 0.0625 0.111111
14 0.161978 0.444663 0.0625 0.111111
14 0.701481 0.115089 0.0625 0.111111
14 0.49318 0.715158 0.0625 0.111111
7 0.20087 0.783799 0.052083 0.092593
7 0.271048 0.760454 0.052083 0.092593
7 0.573453 0.765293 0.052083 0.092593
15 0.237867 0.313423 0.078125 0.138889
37 0.028159 0.094577 0.041667 0.074074
37 0.661919 0.553678 0.041667 0.074074
37 0.608332 0.155682 0.041667 0.074074
37 0.547237 0.722528 0.041667 0.074074
37 0.174406 0.600812 0.041667 0.074074
37 0.128891 0.179171 0.041667 0.074074
37 0.127738 0.21993 0.041667 0.074074
37 0.29902 0.195539 0.041667 0.074074
38 0.13719 0.855053 0.052083 0.092593
37 0.409061 0.414731 0.041667 0.074074
36 0.816063 0.865484 0.028846 0.051282
36 0.624381 0.161681 0.028846 0.051282
36 0.579577 0.310118 0.028846 0.051282
36 0.672472 0.098348 0.028846 0.051282
36 0.657669 0.483477 0.028846 0.051282
36 0.036659 0.112668 0.028846 0.051282
36 0.04612 0.085495 0.028846 0.051282
36 0.070987 0.036581 0.028846 0.051282
36 0.065988 0.20583 0.028846 0.051282
36 0.05974 0.230492 0.028846 0.051282
36 0.042138 0.058638 0.028846 0.051282
36 0.048625 0.112578 0.028846 0.051282
36 0.280116 0.01742 0.028846 0.051282
36 0.289679 0.053825 0.028846 0.051282
36 0.020325 0.002028 0.028846 0.051282
36 0.014629 0.047885 0.028846 0.051282
36 0.092419 0.199995 0.028846 0.051282
36 0.305925 0.064218 0.028846 0.051282
36 0.490837 0.326671 0.028846 0.051282
36 0.444527 0.198352 0.028846 0.051282
36 0.40773 0.103328 0.028846 0.051282
36 0.463419 0.2222 0.028846 0.051282
36 0.08237 0.247982 0.028846 0.051282
36 0.443373 0.126267 0.028846 0.051282
36 0.360022 0.133095 0.028846 0.051282
36 0.460589 0.187932 0.028846 0.051282
36 0.529496 0.263949 0.028846 0.051282
36 0.68773 0.176285 0.028846 0.051282
36 0.669859 0.152594 0.028846 0.051282
36 0.218602 0.261743 0.028846 0.051282
36 0.130079 0.166958 0.028846 0.051282
36 0.285755 0.189829 0.028846 0.051282
36 0.278534 0.144736 0.028846 0.051282
36 0.322628 0.248815 0.028846 0.051282
36 0.279547 0.613866 0.028846 0.051282
36 0.325989 0.252766 0.028846 0.051282
36 0.102486 0.144356 0.028846 0.051282
36 0.122253 0.151746 0.028846 0.051282
