0 0.5 0.49 0.078125 0.138889
12 0.083215 0.653085 0.052083 0.092593
1 0.142393 0.023115 0.052083 0.092593
1 0.161613 0.390991 0.052083 0.092593
1 0.168945 0.431095 0.052083 0.092593
14 0.232276 0.763849 0.0625 0.111111
7 0.279703 0.788482 0.052083 0.092593
7 0.96453 0.05437 0.052083 0.092593
15 0.291722 0.485762 0.078125 0.138889
35 0.239641 0.22389 0.083705 0.14881
37 0.119502 0.166987 0.041667 0.074074
37 0.074261 0.19605 0.041667 0.074074
37 0.753262 0.626088 0.041667 0.074074
37 0.699676 0.228093 0.041667 0.074074
37 0.066537 0.407444 0.041667 0.074074
37 0.63858 0.794939 0.041667 0.074074
37 0.265749 0.673223 0.041667 0.074074
37 0.220234 0.251581 0.041667 0.074074
37 0.037036 0.272895 0.041667 0.074074
37 0.265652 0.020013 0.041667 0.074074
36 0.907407 0.937894 0.028846 0.051282
36 0.715724 0.234092 0.028846 0.051282
36 0.67092 0.382529 0.028846 0.051282
36 0.756393 0.068418 0.028846 0.051282
36 0.763816 0.170759 0.028846 0.051282
36 0.749012 0.555887 0.028846 0.051282
36 0.128002 0.185079 0.028846 0.051282
36 0.137463 0.157905 0.028846 0.051282
36 0.131726 0.358917 0.028846 0.051282
36 0.16233 0.108992 0.028846 0.051282
36 0.223703 0.67013 0.028846 0.051282
36 0.157331 0.27824 0.028846 0.051282
36 0.151084 0.302903 0.028846 0.051282
36 0.048112 0.086646 0.028846 0.051282
36 0.133481 0.131049 0.028846 0.051282
36 0.139968 0.184989 0.028846 0.051282
36 0.128302 0.453459 0.028846 0.051282
36 0.371459 0.089831 0.028846 0.051282
36 0.381022 0.126235 0.028846 0.051282
36 0.111668 0.074439 0.028846 0.051282
36 0.105972 0.120295 0.028846 0.051282
36 0.198536 0.041847 0.028846 0.051282
36 0.183762 0.272405 0.028846 0.051282
36 0.397269 0.136629 0.028846 0.051282
36 0.467204 0.336022 0.028846 0.051282
36 0.58218 0.399082 0.028846 0.051282
36 0.53587 0.270763 0.028846 0.051282
36 0.499074 0.175739 0.028846 0.051282
36 0.554762 0.294611 0.028846 0.051282
36 0.137311 0.35577 0.028846 0.051282
36 0.173713 0.320393 0.028846 0.051282
36 0.534716 0.198677 0.028846 0.051282
36 0.451365 0.205506 0.028846 0.051282
36 0.551932 0.260343 0.028846 0.051282
36 0.289134 0.73257 0.028846 0.051282
36 0.240625 0.764043 0.028846 0.051282
36 0.62084 0.33636 0.028846 0.051282
36 0.393247 0.451272 0.028846 0.051282
36 0.779073 0.248695 0.028846 0.051282
36 0.761202 0.225005 0.028846 0.051282
36 0.394382 0.407465 0.028846 0.051282
36 0.331949 0.536678 0.028846 0.051282
36 0.177799 0.680471 0.028846 0.051282
