0 0.271206 0.49 0.078125 0.138889
14 0.510411 0.699435 0.0625 0.111111
1 0.546808 0.551379 0.052083 0.092593
1 0.631043 0.516908 0.052083 0.092593
14 0.811209 0.998433 0.0625 0.111111
14 0.408506 0.845492 0.0625 0.111111
14 0.800111 0.293174 0.0625 0.111111
14 0.428527 0.894361 0.0625 0.111111
7 0.92684 0.760161 0.052083 0.092593
6 0.451675 0.838294 0.117188 0.208333
6 0.269306 0.897715 0.117188 0.208333
18 0.198932 0.899763 0.117188 0.208333
14 0.119776 0.886059 0.0625 0.111111
14 0.189332 0.917594 0.0625 0.111111
14 0.198954 0.974138 0.0625 0.111111
14 0.130015 0.953882 0.0625 0.111111
14 0.173996 0.947949 0.0625 0.111111
37 0.194826 0.452828 0.041667 0.074074
37 0.149585 0.481891 0.041667 0.074074
37 0.828585 0.911929 0.041667 0.074074
37 0.774999 0.513933 0.041667 0.074074
37 0.14186 0.693285 0.041667 0.074074
37 0.341072 0.959063 0.041667 0.074074
37 0.295557 0.537422 0.041667 0.074074
37 0.11236 0.558735 0.041667 0.074074
37 0.294405 0.578181 0.041667 0.074074
37 0.465686 0.55379 0.041667 0.074074
37 0.575728 0.772983 0.041667 0.074074
37 0.415626 0.603638 0.041667 0.074074
36 0.13164 0.116496 0.028846 0.051282
36 0.75789 0.174291 0.028846 0.051282
36 0.791048 0.519932 0.028846 0.051282
36 0.746243 0.668369 0.028846 0.051282
36 0.831716 0.354259 0.028846 0.051282
36 0.839139 0.456599 0.028846 0.051282
36 0.824336 0.841728 0.028846 0.051282
36 0.123435 0.372486 0.028846 0.051282
36 0.699337 0.173381 0.028846 0.051282
36 0.260254 0.529227 0.028846 0.051282
36 0.854397 0.534536 0.028846 0.051282
36 0.836526 0.510845 0.028846 0.051282
36 0.385269 0.619994 0.028846 0.051282
36 0.452422 0.54808 0.028846 0.051282
36 0.09467 0.378076 0.028846 0.051282
36 0.446214 0.972117 0.028846 0.051282
36 0.460153 0.660731 0.028846 0.051282
36 0.432917 0.596995 0.028846 0.051282
36 0.423675 0.794925 0.028846 0.051282
36 0.404677 0.804171 0.028846 0.051282
36 0.406424 0.911386 0.028846 0.051282
36 0.712816 0.213904 0.028846 0.051282
36 0.729294 0.245107 0.028846 0.051282
36 0.775105 0.29763 0.028846 0.051282
36 0.839055 0.283581 0.028846 0.051282
36 0.273033 0.175782 0.028846 0.051282
36 0.728182 0.384439 0.028846 0.051282
36 0.785335 0.389835 0.028846 0.051282
36 0.194833 0.850481 0.028846 0.051282
36 0.117191 0.870648 0.028846 0.051282
36 0.187794 0.86137 0.028846 0.051282
36 0.167803 0.693022 0.028846 0.051282
36 0.23694 0.753029 0.028846 0.051282
