0 0.598792 0.49 0.078125 0.138889
12 0.264745 0.226954 0.052083 0.092593
15 0.249808 0.233343 0.078125 0.138889
14 0.182449 0.302727 0.0625 0.111111
14 0.148945 0.297939 0.0625 0.111111
14 0.214357 0.247925 0.0625 0.111111
14 0.224377 0.387044 0.0625 0.111111
14 0.125817 0.313626 0.0625 0.111111
14 0.213333 0.452956 0.0625 0.111111
14 0.192119 0.26555 0.0625 0.111111
12 0.125026 0.164268 0.052083 0.092593
15 0.291856 0.261501 0.078125 0.138889
15 0.275308 0.179498 0.078125 0.138889
15 0.176617 0.251146 0.078125 0.138889
15 0.14628 0.243583 0.078125 0.138889
15 0.168849 0.286066 0.078125 0.138889
14 0.030106 0.605902 0.0625 0.111111
7 0.184759 0.553089 0.052083 0.092593
35 0.148298 0.002417 0.083705 0.14881
37 0.661919 0.404616 0.041667 0.074074
37 0.608332 0.00662 0.041667 0.074074
37 0.547237 0.573467 0.041667 0.074074
37 0.174406 0.45175 0.041667 0.074074
37 0.128891 0.030109 0.041667 0.074074
36 0.816063 0.716422 0.028846 0.051282
36 0.624381 0.01262 0.028846 0.051282
36 0.579577 0.161056 0.028846 0.051282
36 0.513079 0.236185 0.028846 0.051282
36 0.554221 0.488147 0.028846 0.051282
36 0.510656 0.476805 0.028846 0.051282
36 0.657669 0.334415 0.028846 0.051282
36 0.040383 0.137444 0.028846 0.051282
36 0.13236 0.448657 0.028846 0.051282
36 0.065988 0.056768 0.028846 0.051282
36 0.05974 0.081431 0.028846 0.051282
36 0.036959 0.231986 0.028846 0.051282
36 0.092419 0.050933 0.028846 0.051282
36 0.375861 0.114549 0.028846 0.051282
36 0.490837 0.177609 0.028846 0.051282
36 0.444527 0.049291 0.028846 0.051282
36 0.463419 0.073139 0.028846 0.051282
36 0.045968 0.134298 0.028846 0.051282
36 0.08237 0.09892 0.028846 0.051282
36 0.460589 0.03887 0.028846 0.051282
36 0.197791 0.511097 0.028846 0.051282
36 0.149281 0.54257 0.028846 0.051282
36 0.529496 0.114888 0.028846 0.051282
36 0.87865 0.879754 0.028846 0.051282
36 0.375945 0.322243 0.028846 0.051282
36 0.309636 0.21864 0.028846 0.051282
36 0.683791 0.043026 0.028846 0.051282
36 0.681565 0.041048 0.028846 0.051282
