0 0.5 0.49666 0.078125 0.138889
6 0.848064 0.337736 0.117188 0.208333
18 0.522823 0.046936 0.117188 0.208333
12 0.81239 0.13164 0.052083 0.092593
12 0.753661 0.021968 0.052083 0.092593
15 0.293204 0.12455 0.078125 0.138889
15 0.22306 0.328037 0.078125 0.138889
14 0.80245 0.779924 0.0625 0.111111
14 0.827169 0.78433 0.0625 0.111111
14 0.103945 0.363995 0.0625 0.111111
14 0.091717 0.015259 0.0625 0.111111
37 0.795775 0.318565 0.041667 0.074074
37 0.10905 0.099921 0.041667 0.074074
37 0.681094 0.487416 0.041667 0.074074
37 0.308262 0.365699 0.041667 0.074074
38 0.271047 0.61994 0.052083 0.092593
37 0.059778 0.467739 0.041667 0.074074
37 0.542918 0.179619 0.041667 0.074074
37 0.382816 0.010274 0.041667 0.074074
38 0.280393 0.787537 0.052083 0.092593
38 0.581108 0.628425 0.052083 0.092593
37 0.203014 0.296161 0.041667 0.074074
36 0.94992 0.630371 0.028846 0.051282
36 0.713433 0.075005 0.028846 0.051282
36 0.791526 0.248364 0.028846 0.051282
36 0.352459 0.02663 0.028846 0.051282
36 0.413404 0.378753 0.028846 0.051282
36 0.427343 0.067367 0.028846 0.051282
36 0.400107 0.003632 0.028846 0.051282
36 0.390865 0.201562 0.028846 0.051282
36 0.371867 0.210807 0.028846 0.051282
36 0.373614 0.318022 0.028846 0.051282
36 0.084381 0.277284 0.028846 0.051282
36 0.134993 0.099658 0.028846 0.051282
36 0.129706 0.243535 0.028846 0.051282
36 0.358945 0.123922 0.028846 0.051282
36 0.368021 0.122783 0.028846 0.051282
36 0.352449 0.10924 0.028846 0.051282
36 0.057202 0.203522 0.028846 0.051282
36 0.13198 0.108844 0.028846 0.051282
36 0.163404 0.200385 0.028846 0.051282
36 0.122032 0.378683 0.028846 0.051282
36 0.125608 0.344577 0.028846 0.051282
36 0.205778 0.024045 0.028846 0.051282
36 0.137917 0.67284 0.028846 0.051282
36 0.276723 0.861091 0.028846 0.051282
36 0.687421 0.443859 0.028846 0.051282
36 0.189764 0.356056 0.028846 0.051282
36 0.425757 0.096943 0.028846 0.051282
36 0.24504 0.114378 0.028846 0.051282
