0 0.5 0.49 0.078125 0.138889
25 0.314463 0.404855 0.072917 0.12963
25 0.754389 0.362833 0.072917 0.12963
1 0.211733 0.688522 0.052083 0.092593
1 0.734417 0.558992 0.052083 0.092593
14 0.698661 0.262327 0.0625 0.111111
17 0.345773 0.08458 0.0625 0.111111
14 0.126579 0.392713 0.0625 0.111111
37 0.546062 0.186932 0.041667 0.074074
38 0.181605 0.371682 0.052083 0.092593
37 0.952894 0.179077 0.041667 0.074074
37 0.247869 0.276917 0.041667 0.074074
37 0.485531 0.398374 0.041667 0.074074
36 0.85528 0.544909 0.028846 0.051282
36 0.030611 0.224255 0.028846 0.051282
36 0.006032 0.578229 0.028846 0.051282
36 0.011638 0.694599 0.028846 0.051282
36 0.911615 0.078003 0.028846 0.051282
36 0.116983 0.905505 0.028846 0.051282
36 0.934258 0.276497 0.028846 0.051282
36 0.057914 0.445463 0.028846 0.051282
36 0.03707 0.15995 0.028846 0.051282
36 0.861323 0.987818 0.028846 0.051282
36 0.013201 0.247628 0.028846 0.051282
36 0.831739 0.209615 0.028846 0.051282
36 0.180426 0.246569 0.028846 0.051282
36 0.109383 0.142094 0.028846 0.051282
36 0.79386 0.792048 0.028846 0.051282
36 0.211065 0.3693 0.028846 0.051282
36 0.052707 0.644042 0.028846 0.051282
36 0.092625 0.786116 0.028846 0.051282
36 0.186952 0.271104 0.028846 0.051282
36 0.321299 0.237414 0.028846 0.051282
36 0.208375 0.284112 0.028846 0.051282
36 0.416199 0.325837 0.028846 0.051282
36 0.465873 0.434601 0.028846 0.051282
36 0.327285 0.976473 0.028846 0.051282
36 0.729982 0.010477 0.028846 0.051282
36 0.477623 0.447574 0.028846 0.051282
36 0.277388 0.713894 0.028846 0.051282
36 0.513334 0.434784 0.028846 0.051282
36 0.82642 0.610405 0.028846 0.051282
36 0.488171 0.551555 0.028846 0.051282
36 0.336539 0.821384 0.028846 0.051282
36 0.443685 0.355099 0.028846 0.051282
36 0.422204 0.639196 0.028846 0.051282
36 0.292979 0.974608 0.028846 0.051282
36 0.614202 0.416055 0.028846 0.051282
