0 0.353698 0.466848 0.078125 0.138889
14 0.442593 0.626627 0.0625 0.111111
1 0.448453 0.836596 0.052083 0.092593
1 0.552865 0.512244 0.052083 0.092593
1 0.591188 0.69462 0.052083 0.092593
1 0.477882 0.840957 0.052083 0.092593
12 0.914089 0.479104 0.052083 0.092593
15 0.228556 0.689085 0.078125 0.138889
15 0.240907 0.977573 0.078125 0.138889
15 0.826479 0.895096 0.078125 0.138889
1 0.96615 0.242466 0.052083 0.092593
14 0.760653 0.647493 0.0625 0.111111
14 0.159011 0.405707 0.0625 0.111111
14 0.315219 0.787354 0.0625 0.111111
14 0.281936 0.437642 0.0625 0.111111
37 0.194826 0.548353 0.041667 0.074074
37 0.149585 0.577416 0.041667 0.074074
37 0.774999 0.609458 0.041667 0.074074
37 0.14186 0.78881 0.041667 0.074074
37 0.295557 0.632947 0.041667 0.074074
37 0.11236 0.65426 0.041667 0.074074
36 0.13164 0.212022 0.028846 0.051282
36 0.551121 0.271282 0.028846 0.051282
36 0.75789 0.269816 0.028846 0.051282
36 0.791048 0.615458 0.028846 0.051282
36 0.746243 0.763894 0.028846 0.051282
36 0.679746 0.839023 0.028846 0.051282
36 0.831716 0.449784 0.028846 0.051282
36 0.839139 0.552125 0.028846 0.051282
36 0.361148 0.49856 0.028846 0.051282
36 0.327438 0.509778 0.028846 0.051282
36 0.824336 0.937253 0.028846 0.051282
36 0.304276 0.645344 0.028846 0.051282
36 0.307094 0.702819 0.028846 0.051282
36 0.32279 0.584989 0.028846 0.051282
36 0.203326 0.566445 0.028846 0.051282
36 0.212786 0.539271 0.028846 0.051282
36 0.20705 0.740282 0.028846 0.051282
36 0.279641 0.496415 0.028846 0.051282
36 0.237654 0.490358 0.028846 0.051282
36 0.365187 0.614789 0.028846 0.051282
36 0.439531 0.550002 0.028846 0.051282
36 0.232655 0.659606 0.028846 0.051282
36 0.226407 0.684269 0.028846 0.051282
36 0.123435 0.468011 0.028846 0.051282
36 0.208804 0.512415 0.028846 0.051282
36 0.215292 0.566355 0.028846 0.051282
36 0.203625 0.834824 0.028846 0.051282
36 0.185754 0.36359 0.028846 0.051282
36 0.181391 0.361842 0.028846 0.051282
36 0.446783 0.471197 0.028846 0.051282
36 0.456346 0.507601 0.028846 0.051282
36 0.33375 0.514514 0.028846 0.051282
36 0.314858 0.615601 0.028846 0.051282
36 0.542275 0.277349 0.028846 0.051282
36 0.699337 0.268906 0.028846 0.051282
36 0.188888 0.473589 0.028846 0.051282
36 0.176401 0.498359 0.028846 0.051282
